[2020/1/15 23:41:17]: 0 Recipes loaded.
[2020/1/15 23:41:22]: 386 Maps Loaded.
[2020/1/15 23:41:23]: Drops Loaded.
[2020/1/15 23:41:24]: Dragon Loaded.
[2020/1/15 23:41:24]: Envir Started.
[2020/1/15 23:41:24]: Network Started.
[2020/1/15 23:41:25]: 127.0.0.1, Connected.
[2020/1/15 23:41:25]: --->发送服务端包Index: 0
[2020/1/15 23:41:25]: --->发送服务端包信息: ServerPackets.Connected
[2020/1/15 23:41:25]: --->发送服务端包字节信息: 4, 0, 0, 0, 
[2020/1/15 23:41:25]: <---收到字节长度: 24
[2020/1/15 23:41:25]: <---收到客户端包Index: 0
[2020/1/15 23:41:25]: <---收到客户端包信息: ClientPackets.ClientVersion
[2020/1/15 23:41:25]: <---收到客户端包字节信息: 24, 0, 0, 0, 16, 0, 0, 0, 207, 20, 193, 22, 198, 130, 115, 207, 52, 26, 221, 97, 255, 169, 72, 128, 
[2020/1/15 23:41:25]: 1, 127.0.0.1, Client version matched.
[2020/1/15 23:41:25]: --->发送服务端包Index: 1
[2020/1/15 23:41:25]: --->发送服务端包信息: ServerPackets.ClientVersion
[2020/1/15 23:41:25]: --->发送服务端包字节信息: 5, 0, 1, 0, 1, 
[2020/1/15 23:41:29]: <---收到字节长度: 16
[2020/1/15 23:41:29]: <---收到客户端包Index: 5
[2020/1/15 23:41:29]: <---收到客户端包信息: ClientPackets.Login
[2020/1/15 23:41:29]: <---收到客户端包字节信息: 16, 0, 5, 0, 5, 116, 101, 115, 116, 49, 5, 116, 101, 115, 116, 49, 
[2020/1/15 23:41:29]: 1, 127.0.0.1, User logging in.
[2020/1/15 23:41:29]: 1, 127.0.0.1, User logged in.
[2020/1/15 23:41:29]: --->发送服务端包Index: 9
[2020/1/15 23:41:29]: --->发送服务端包信息: ServerPackets.LoginSuccess
[2020/1/15 23:41:29]: --->发送服务端包字节信息: 30, 0, 9, 0, 1, 0, 0, 0, 2, 0, 0, 0, 5, 116, 101, 115, 116, 49, 1, 0, 1, 0, 171, 143, 32, 91, 209, 153, 215, 136, 
[2020/1/15 23:41:31]: <---收到字节长度: 8
[2020/1/15 23:41:31]: <---收到客户端包Index: 8
[2020/1/15 23:41:31]: <---收到客户端包信息: ClientPackets.StartGame
[2020/1/15 23:41:31]: <---收到客户端包字节信息: 8, 0, 8, 0, 2, 0, 0, 0, 
[2020/1/15 23:41:31]: test1 has connected.
[2020/1/15 23:41:31]: --->发送服务端包Index: 184
[2020/1/15 23:41:31]: --->发送服务端包信息: ServerPackets.SetConcentration
[2020/1/15 23:41:31]: --->发送服务端包字节信息: 10, 0, 184, 0, 128, 3, 1, 0, 0, 0, 
[2020/1/15 23:41:31]: --->发送服务端包Index: 14
[2020/1/15 23:41:31]: --->发送服务端包信息: ServerPackets.StartGame
[2020/1/15 23:41:31]: --->发送服务端包字节信息: 9, 0, 14, 0, 4, 0, 4, 0, 0, 
[2020/1/15 23:41:31]: --->发送服务端包Index: 25
[2020/1/15 23:41:31]: --->发送服务端包信息: ServerPackets.Chat
[2020/1/15 23:41:31]: --->发送服务端包字节信息: 53, 0, 25, 0, 47, 87, 101, 108, 99, 111, 109, 101, 32, 116, 111, 32, 116, 104, 101, 32, 76, 101, 103, 101, 110, 100, 32, 111, 102, 32, 76, 101, 103, 101, 110, 100, 32, 111, 102, 32, 77, 105, 114, 50, 32, 83, 101, 114, 118, 101, 114, 46, 3, 
[2020/1/15 23:41:31]: --->发送服务端包Index: 27
[2020/1/15 23:41:31]: --->发送服务端包信息: ServerPackets.NewItemInfo
[2020/1/15 23:41:31]: --->发送服务端包字节信息: 95, 0, 27, 0, 146, 2, 0, 0, 13, 40, 72, 80, 41, 68, 114, 117, 103, 83, 109, 97, 108, 108, 13, 0, 0, 31, 3, 0, 0, 0, 1, 0, 0, 142, 1, 0, 0, 20, 0, 0, 0, 40, 0, 0, 0, 0, 0, 0, 0, 0, 0, 0, 0, 0, 0, 30, 0, 0, 0, 0, 0, 0, 0, 1, 0, 0, 0, 0, 0, 0, 0, 0, 0, 0, 0, 0, 0, 0, 0, 0, 0, 0, 0, 0, 0, 0, 0, 0, 0, 6, 0, 0, 0, 1, 0, 
[2020/1/15 23:41:31]: --->发送服务端包Index: 27
[2020/1/15 23:41:31]: --->发送服务端包信息: ServerPackets.NewItemInfo
[2020/1/15 23:41:31]: --->发送服务端包字节信息: 147, 0, 27, 0, 235, 4, 0, 0, 16, 84, 101, 115, 116, 83, 101, 114, 118, 101, 114, 83, 99, 114, 111, 108, 108, 21, 4, 0, 31, 3, 0, 1, 0, 1, 0, 0, 254, 6, 0, 0, 1, 0, 0, 0, 0, 0, 0, 0, 0, 0, 0, 0, 0, 0, 0, 0, 0, 0, 0, 0, 0, 0, 0, 0, 0, 0, 1, 0, 0, 0, 0, 0, 0, 0, 0, 0, 0, 0, 0, 0, 0, 0, 0, 0, 0, 0, 0, 23, 0, 0, 0, 0, 0, 0, 0, 0, 1, 49, 66, 97, 115, 105, 99, 32, 84, 101, 115, 116, 32, 83, 101, 114, 118, 101, 114, 32, 83, 99, 114, 111, 108, 108, 32, 119, 104, 105, 99, 104, 32, 103, 105, 118, 101, 115, 32, 105, 110, 102, 111, 114, 109, 97, 116, 105, 111, 110, 46, 
[2020/1/15 23:41:31]: --->发送服务端包Index: 27
[2020/1/15 23:41:31]: --->发送服务端包信息: ServerPackets.NewItemInfo
[2020/1/15 23:41:31]: --->发送服务端包字节信息: 88, 0, 27, 0, 210, 2, 0, 0, 6, 67, 97, 110, 100, 108, 101, 12, 0, 0, 31, 3, 0, 0, 0, 1, 38, 0, 130, 0, 64, 31, 1, 0, 0, 0, 10, 0, 0, 0, 0, 0, 0, 0, 0, 0, 0, 0, 0, 0, 0, 0, 0, 0, 0, 0, 0, 0, 1, 0, 0, 0, 0, 0, 0, 0, 0, 0, 0, 0, 0, 0, 0, 0, 0, 0, 0, 0, 0, 0, 0, 0, 0, 0, 6, 0, 0, 0, 1, 0, 
[2020/1/15 23:41:31]: --->发送服务端包Index: 27
[2020/1/15 23:41:31]: --->发送服务端包信息: ServerPackets.NewItemInfo
[2020/1/15 23:41:31]: --->发送服务端包字节信息: 93, 0, 27, 0, 221, 0, 0, 0, 11, 87, 111, 111, 100, 101, 110, 83, 119, 111, 114, 100, 1, 1, 0, 7, 3, 0, 0, 0, 4, 0, 1, 30, 0, 160, 15, 1, 0, 0, 0, 50, 0, 0, 0, 0, 0, 0, 0, 2, 4, 0, 0, 0, 0, 0, 0, 0, 0, 0, 0, 0, 0, 1, 0, 0, 0, 0, 0, 0, 0, 0, 0, 0, 0, 0, 0, 0, 0, 0, 0, 0, 0, 0, 0, 0, 0, 0, 0, 0, 1, 0, 1, 1, 0, 
[2020/1/15 23:41:31]: --->发送服务端包Index: 27
[2020/1/15 23:41:31]: --->发送服务端包信息: ServerPackets.NewItemInfo
[2020/1/15 23:41:31]: --->发送服务端包字节信息: 94, 0, 27, 0, 61, 1, 0, 0, 12, 66, 97, 115, 101, 68, 114, 101, 115, 115, 40, 77, 41, 2, 1, 0, 31, 1, 0, 1, 0, 5, 0, 1, 60, 0, 136, 19, 1, 0, 0, 0, 120, 0, 0, 0, 2, 2, 0, 1, 0, 0, 0, 0, 0, 0, 0, 0, 0, 0, 0, 0, 0, 0, 1, 0, 0, 0, 0, 0, 0, 0, 0, 0, 0, 0, 0, 0, 0, 0, 0, 0, 0, 0, 0, 0, 0, 0, 0, 0, 0, 2, 0, 1, 1, 0, 
[2020/1/15 23:41:31]: --->发送服务端包Index: 17
[2020/1/15 23:41:31]: --->发送服务端包信息: ServerPackets.MapInformation
[2020/1/15 23:41:31]: --->发送服务端包字节信息: 30, 0, 17, 0, 1, 48, 14, 66, 105, 99, 104, 111, 110, 80, 114, 111, 118, 105, 110, 99, 101, 101, 0, 135, 0, 0, 0, 0, 0, 0, 
[2020/1/15 23:41:31]: --->发送服务端包Index: 18
[2020/1/15 23:41:31]: --->发送服务端包信息: ServerPackets.UserInformation
[2020/1/15 23:41:31]: --->发送服务端包字节信息: 156, 1, 18, 0, 128, 3, 1, 0, 2, 0, 0, 0, 5, 116, 101, 115, 116, 49, 0, 0, 255, 255, 255, 255, 1, 0, 1, 0, 36, 1, 0, 0, 102, 2, 0, 0, 3, 5, 15, 0, 17, 0, 0, 0, 0, 0, 0, 0, 0, 0, 100, 0, 0, 0, 0, 0, 0, 0, 0, 1, 46, 0, 0, 0, 1, 8, 0, 0, 0, 0, 0, 0, 0, 146, 2, 0, 0, 0, 0, 0, 0, 1, 0, 0, 0, 0, 0, 0, 0, 0, 0, 0, 0, 0, 0, 0, 255, 255, 255, 255, 0, 0, 0, 0, 0, 0, 0, 0, 0, 0, 0, 0, 0, 0, 0, 0, 1, 16, 0, 0, 0, 0, 0, 0, 0, 235, 4, 0, 0, 0, 0, 0, 0, 1, 0, 0, 0, 0, 0, 0, 0, 0, 0, 0, 0, 0, 0, 0, 255, 255, 255, 255, 0, 0, 0, 0, 0, 0, 0, 0, 0, 0, 0, 0, 1, 9, 0, 0, 0, 0, 0, 0, 0, 210, 2, 0, 0, 64, 31, 64, 31, 1, 0, 0, 0, 0, 0, 0, 0, 0, 0, 0, 0, 0, 0, 0, 255, 255, 255, 255, 0, 0, 0, 0, 0, 0, 0, 0, 0, 0, 0, 0, 0, 0, 0, 0, 0, 0, 0, 0, 0, 0, 0, 0, 0, 0, 0, 0, 0, 0, 0, 0, 0, 0, 0, 0, 0, 0, 0, 0, 0, 0, 0, 0, 0, 0, 0, 0, 1, 14, 0, 0, 0, 1, 6, 0, 0, 0, 0, 0, 0, 0, 221, 0, 0, 0, 160, 15, 160, 15, 1, 0, 0, 0, 0, 0, 0, 0, 0, 0, 0, 0, 0, 0, 0, 255, 255, 255, 255, 0, 0, 0, 0, 0, 0, 0, 0, 0, 0, 0, 1, 7, 0, 0, 0, 0, 0, 0, 0, 61, 1, 0, 0, 136, 19, 136, 19, 1, 0, 0, 0, 0, 0, 0, 0, 0, 0, 0, 0, 0, 0, 0, 255, 255, 255, 255, 0, 0, 0, 0, 0, 0, 0, 0, 0, 0, 0, 0, 0, 0, 0, 0, 0, 0, 0, 0, 0, 0, 0, 1, 40, 0, 0, 0, 0, 0, 0, 0, 0, 0, 0, 0, 0, 0, 0, 0, 0, 0, 0, 0, 0, 0, 0, 0, 0, 0, 0, 0, 0, 0, 0, 0, 0, 0, 0, 0, 0, 0, 0, 0, 0, 0, 0, 0, 0, 0, 0, 0, 0, 0, 0, 0, 
[2020/1/15 23:41:31]: --->发送服务端包Index: 170
[2020/1/15 23:41:31]: --->发送服务端包信息: ServerPackets.CompleteQuest
[2020/1/15 23:41:31]: --->发送服务端包字节信息: 8, 0, 170, 0, 0, 0, 0, 0, 
[2020/1/15 23:41:31]: --->发送服务端包Index: 201
[2020/1/15 23:41:31]: --->发送服务端包信息: ServerPackets.ReceiveMail
[2020/1/15 23:41:31]: --->发送服务端包字节信息: 8, 0, 201, 0, 0, 0, 0, 0, 
[2020/1/15 23:41:31]: --->发送服务端包Index: 215
[2020/1/15 23:41:31]: --->发送服务端包信息: ServerPackets.FriendUpdate
[2020/1/15 23:41:31]: --->发送服务端包字节信息: 8, 0, 215, 0, 0, 0, 0, 0, 
[2020/1/15 23:41:31]: --->发送服务端包Index: 216
[2020/1/15 23:41:31]: --->发送服务端包信息: ServerPackets.LoverUpdate
[2020/1/15 23:41:31]: --->发送服务端包字节信息: 16, 0, 216, 0, 0, 0, 0, 0, 0, 0, 0, 0, 0, 0, 0, 0, 
[2020/1/15 23:41:31]: --->发送服务端包Index: 217
[2020/1/15 23:41:31]: --->发送服务端包信息: ServerPackets.MentorUpdate
[2020/1/15 23:41:31]: --->发送服务端包字节信息: 16, 0, 217, 0, 0, 0, 0, 0, 0, 0, 0, 0, 0, 0, 0, 0, 
[2020/1/15 23:41:31]: --->发送服务端包Index: 220
[2020/1/15 23:41:31]: --->发送服务端包信息: ServerPackets.GameShopInfo
[2020/1/15 23:41:31]: --->发送服务端包字节信息: 242, 0, 220, 0, 244, 4, 0, 0, 1, 0, 0, 0, 244, 4, 0, 0, 18, 68, 101, 115, 116, 114, 117, 99, 116, 105, 111, 110, 76, 105, 113, 117, 111, 114, 49, 13, 1, 0, 31, 3, 0, 3, 0, 1, 0, 0, 157, 6, 60, 0, 1, 0, 0, 0, 232, 3, 0, 0, 0, 0, 0, 0, 0, 9, 0, 0, 0, 0, 0, 0, 0, 0, 0, 0, 0, 0, 0, 0, 0, 0, 0, 0, 0, 0, 0, 0, 0, 0, 0, 0, 0, 0, 0, 0, 0, 0, 0, 0, 0, 0, 0, 0, 0, 0, 0, 0, 1, 92, 73, 109, 112, 114, 111, 118, 101, 109, 101, 110, 116, 32, 111, 102, 32, 68, 101, 115, 116, 114, 117, 99, 116, 105, 111, 110, 32, 102, 111, 114, 32, 97, 32, 99, 101, 114, 116, 97, 105, 110, 32, 112, 101, 114, 105, 111, 100, 32, 111, 102, 32, 116, 105, 109, 101, 46, 13, 10, 45, 68, 117, 114, 97, 116, 105, 117, 111, 110, 32, 49, 32, 72, 111, 117, 114, 13, 10, 45, 78, 111, 110, 101, 32, 83, 116, 97, 99, 107, 97, 98, 108, 101, 136, 132, 2, 0, 220, 0, 0, 0, 1, 0, 0, 0, 3, 65, 108, 108, 6, 80, 111, 116, 105, 111, 110, 0, 0, 0, 0, 0, 0, 0, 125, 117, 136, 58, 128, 214, 210, 136, 0, 0, 0, 0, 
[2020/1/15 23:41:31]: --->发送服务端包Index: 220
[2020/1/15 23:41:31]: --->发送服务端包信息: ServerPackets.GameShopInfo
[2020/1/15 23:41:31]: --->发送服务端包字节信息: 243, 0, 220, 0, 245, 4, 0, 0, 2, 0, 0, 0, 245, 4, 0, 0, 18, 68, 101, 115, 116, 114, 117, 99, 116, 105, 111, 110, 76, 105, 113, 117, 111, 114, 51, 13, 1, 0, 31, 3, 0, 3, 0, 1, 0, 0, 158, 6, 180, 0, 1, 0, 0, 0, 232, 3, 0, 0, 0, 0, 0, 0, 0, 9, 0, 0, 0, 0, 0, 0, 0, 0, 0, 0, 0, 0, 0, 0, 0, 0, 0, 0, 0, 0, 0, 0, 0, 0, 0, 0, 0, 0, 0, 0, 0, 0, 0, 0, 0, 0, 0, 0, 0, 0, 0, 0, 1, 93, 73, 109, 112, 114, 111, 118, 101, 109, 101, 110, 116, 32, 111, 102, 32, 68, 101, 115, 116, 114, 117, 99, 116, 105, 111, 110, 32, 102, 111, 114, 32, 97, 32, 99, 101, 114, 116, 97, 105, 110, 32, 112, 101, 114, 105, 111, 100, 32, 111, 102, 32, 116, 105, 109, 101, 46, 13, 10, 45, 68, 117, 114, 97, 116, 105, 117, 111, 110, 32, 51, 32, 72, 111, 117, 114, 115, 13, 10, 45, 78, 111, 110, 101, 32, 83, 116, 97, 99, 107, 97, 98, 108, 101, 16, 9, 5, 0, 184, 1, 0, 0, 1, 0, 0, 0, 3, 65, 108, 108, 6, 80, 111, 116, 105, 111, 110, 0, 0, 0, 0, 0, 0, 0, 125, 117, 136, 58, 128, 214, 210, 136, 0, 0, 0, 0, 
[2020/1/15 23:41:31]: --->发送服务端包Index: 220
[2020/1/15 23:41:31]: --->发送服务端包信息: ServerPackets.GameShopInfo
[2020/1/15 23:41:31]: --->发送服务端包字节信息: 243, 0, 220, 0, 246, 4, 0, 0, 3, 0, 0, 0, 246, 4, 0, 0, 18, 68, 101, 115, 116, 114, 117, 99, 116, 105, 111, 110, 76, 105, 113, 117, 111, 114, 53, 13, 1, 0, 31, 3, 0, 3, 0, 1, 0, 0, 115, 14, 44, 1, 1, 0, 0, 0, 232, 3, 0, 0, 0, 0, 0, 0, 0, 9, 0, 0, 0, 0, 0, 0, 0, 0, 0, 0, 0, 0, 0, 0, 0, 0, 0, 0, 0, 0, 0, 0, 0, 0, 0, 0, 0, 0, 0, 0, 0, 0, 0, 0, 0, 0, 0, 0, 0, 0, 0, 0, 1, 93, 73, 109, 112, 114, 111, 118, 101, 109, 101, 110, 116, 32, 111, 102, 32, 68, 101, 115, 116, 114, 117, 99, 116, 105, 111, 110, 32, 102, 111, 114, 32, 97, 32, 99, 101, 114, 116, 97, 105, 110, 32, 112, 101, 114, 105, 111, 100, 32, 111, 102, 32, 116, 105, 109, 101, 46, 13, 10, 45, 68, 117, 114, 97, 116, 105, 117, 111, 110, 32, 53, 32, 72, 111, 117, 114, 115, 13, 10, 45, 78, 111, 110, 101, 32, 83, 116, 97, 99, 107, 97, 98, 108, 101, 84, 75, 6, 0, 38, 2, 0, 0, 1, 0, 0, 0, 3, 65, 108, 108, 6, 80, 111, 116, 105, 111, 110, 0, 0, 0, 0, 0, 0, 1, 125, 117, 136, 58, 128, 214, 210, 136, 0, 0, 0, 0, 
[2020/1/15 23:41:31]: --->发送服务端包Index: 220
[2020/1/15 23:41:31]: --->发送服务端包信息: ServerPackets.GameShopInfo
[2020/1/15 23:41:31]: --->发送服务端包字节信息: 232, 0, 220, 0, 247, 4, 0, 0, 4, 0, 0, 0, 247, 4, 0, 0, 14, 77, 97, 103, 105, 99, 97, 108, 76, 105, 113, 117, 111, 114, 49, 13, 1, 0, 31, 3, 0, 3, 0, 1, 0, 0, 160, 6, 60, 0, 1, 0, 0, 0, 232, 3, 0, 0, 0, 0, 0, 0, 0, 0, 0, 7, 0, 0, 0, 0, 0, 0, 0, 0, 0, 0, 0, 0, 0, 0, 0, 0, 0, 0, 0, 0, 0, 0, 0, 0, 0, 0, 0, 0, 0, 0, 0, 0, 0, 0, 0, 0, 0, 0, 0, 0, 1, 86, 73, 109, 112, 114, 111, 118, 101, 109, 101, 110, 116, 32, 111, 102, 32, 77, 97, 103, 105, 99, 32, 102, 111, 114, 32, 97, 32, 99, 101, 114, 116, 97, 105, 110, 32, 112, 101, 114, 105, 111, 100, 32, 111, 102, 32, 116, 105, 109, 101, 46, 13, 10, 45, 68, 117, 114, 97, 116, 105, 117, 111, 110, 32, 49, 32, 72, 111, 117, 114, 13, 10, 45, 78, 111, 110, 101, 32, 83, 116, 97, 99, 107, 97, 98, 108, 101, 136, 132, 2, 0, 220, 0, 0, 0, 1, 0, 0, 0, 3, 65, 108, 108, 6, 80, 111, 116, 105, 111, 110, 0, 0, 0, 0, 0, 0, 0, 125, 117, 136, 58, 128, 214, 210, 136, 0, 0, 0, 0, 
[2020/1/15 23:41:31]: --->发送服务端包Index: 220
[2020/1/15 23:41:31]: --->发送服务端包信息: ServerPackets.GameShopInfo
[2020/1/15 23:41:31]: --->发送服务端包字节信息: 233, 0, 220, 0, 248, 4, 0, 0, 5, 0, 0, 0, 248, 4, 0, 0, 14, 77, 97, 103, 105, 99, 97, 108, 76, 105, 113, 117, 111, 114, 51, 13, 1, 0, 31, 3, 0, 3, 0, 1, 0, 0, 161, 6, 180, 0, 1, 0, 0, 0, 232, 3, 0, 0, 0, 0, 0, 0, 0, 0, 0, 7, 0, 0, 0, 0, 0, 0, 0, 0, 0, 0, 0, 0, 0, 0, 0, 0, 0, 0, 0, 0, 0, 0, 0, 0, 0, 0, 0, 0, 0, 0, 0, 0, 0, 0, 0, 0, 0, 0, 0, 0, 1, 87, 73, 109, 112, 114, 111, 118, 101, 109, 101, 110, 116, 32, 111, 102, 32, 77, 97, 103, 105, 99, 32, 102, 111, 114, 32, 97, 32, 99, 101, 114, 116, 97, 105, 110, 32, 112, 101, 114, 105, 111, 100, 32, 111, 102, 32, 116, 105, 109, 101, 46, 13, 10, 45, 68, 117, 114, 97, 116, 105, 117, 111, 110, 32, 51, 32, 72, 111, 117, 114, 115, 13, 10, 45, 78, 111, 110, 101, 32, 83, 116, 97, 99, 107, 97, 98, 108, 101, 16, 9, 5, 0, 184, 1, 0, 0, 1, 0, 0, 0, 3, 65, 108, 108, 6, 80, 111, 116, 105, 111, 110, 0, 0, 0, 0, 0, 0, 0, 125, 117, 136, 58, 128, 214, 210, 136, 0, 0, 0, 0, 
[2020/1/15 23:41:31]: --->发送服务端包Index: 220
[2020/1/15 23:41:31]: --->发送服务端包信息: ServerPackets.GameShopInfo
[2020/1/15 23:41:31]: --->发送服务端包字节信息: 233, 0, 220, 0, 249, 4, 0, 0, 6, 0, 0, 0, 249, 4, 0, 0, 14, 77, 97, 103, 105, 99, 97, 108, 76, 105, 113, 117, 111, 114, 53, 13, 1, 0, 31, 3, 0, 3, 0, 1, 0, 0, 116, 14, 44, 1, 1, 0, 0, 0, 232, 3, 0, 0, 0, 0, 0, 0, 0, 0, 0, 7, 0, 0, 0, 0, 0, 0, 0, 0, 0, 0, 0, 0, 0, 0, 0, 0, 0, 0, 0, 0, 0, 0, 0, 0, 0, 0, 0, 0, 0, 0, 0, 0, 0, 0, 0, 0, 0, 0, 0, 0, 1, 87, 73, 109, 112, 114, 111, 118, 101, 109, 101, 110, 116, 32, 111, 102, 32, 77, 97, 103, 105, 99, 32, 102, 111, 114, 32, 97, 32, 99, 101, 114, 116, 97, 105, 110, 32, 112, 101, 114, 105, 111, 100, 32, 111, 102, 32, 116, 105, 109, 101, 46, 13, 10, 45, 68, 117, 114, 97, 116, 105, 117, 111, 110, 32, 53, 32, 72, 111, 117, 114, 115, 13, 10, 45, 78, 111, 110, 101, 32, 83, 116, 97, 99, 107, 97, 98, 108, 101, 84, 75, 6, 0, 38, 2, 0, 0, 1, 0, 0, 0, 3, 65, 108, 108, 6, 80, 111, 116, 105, 111, 110, 0, 0, 0, 0, 0, 0, 1, 125, 117, 136, 58, 128, 214, 210, 136, 0, 0, 0, 0, 
[2020/1/15 23:41:31]: --->发送服务端包Index: 220
[2020/1/15 23:41:31]: --->发送服务端包信息: ServerPackets.GameShopInfo
[2020/1/15 23:41:31]: --->发送服务端包字节信息: 234, 0, 220, 0, 250, 4, 0, 0, 7, 0, 0, 0, 250, 4, 0, 0, 11, 83, 111, 117, 108, 76, 105, 113, 117, 111, 114, 49, 13, 1, 0, 31, 3, 0, 3, 0, 1, 0, 0, 163, 6, 60, 0, 1, 0, 0, 0, 232, 3, 0, 0, 0, 0, 0, 0, 0, 0, 0, 0, 0, 7, 0, 0, 0, 0, 0, 0, 0, 0, 0, 0, 0, 0, 0, 0, 0, 0, 0, 0, 0, 0, 0, 0, 0, 0, 0, 0, 0, 0, 0, 0, 0, 0, 0, 0, 0, 0, 0, 0, 1, 91, 73, 109, 112, 114, 111, 118, 101, 109, 101, 110, 116, 32, 111, 102, 32, 83, 111, 117, 108, 32, 77, 97, 103, 105, 99, 32, 102, 111, 114, 32, 97, 32, 99, 101, 114, 116, 97, 105, 110, 32, 112, 101, 114, 105, 111, 100, 32, 111, 102, 32, 116, 105, 109, 101, 46, 13, 10, 45, 68, 117, 114, 97, 116, 105, 117, 111, 110, 32, 49, 32, 72, 111, 117, 114, 13, 10, 45, 78, 111, 110, 101, 32, 83, 116, 97, 99, 107, 97, 98, 108, 101, 136, 132, 2, 0, 220, 0, 0, 0, 1, 0, 0, 0, 3, 65, 108, 108, 6, 80, 111, 116, 105, 111, 110, 0, 0, 0, 0, 0, 0, 0, 125, 117, 136, 58, 128, 214, 210, 136, 0, 0, 0, 0, 
[2020/1/15 23:41:31]: --->发送服务端包Index: 220
[2020/1/15 23:41:31]: --->发送服务端包信息: ServerPackets.GameShopInfo
[2020/1/15 23:41:31]: --->发送服务端包字节信息: 235, 0, 220, 0, 251, 4, 0, 0, 8, 0, 0, 0, 251, 4, 0, 0, 11, 83, 111, 117, 108, 76, 105, 113, 117, 111, 114, 51, 13, 1, 0, 31, 3, 0, 3, 0, 1, 0, 0, 117, 14, 180, 0, 1, 0, 0, 0, 232, 3, 0, 0, 0, 0, 0, 0, 0, 0, 0, 0, 0, 7, 0, 0, 0, 0, 0, 0, 0, 0, 0, 0, 0, 0, 0, 0, 0, 0, 0, 0, 0, 0, 0, 0, 0, 0, 0, 0, 0, 0, 0, 0, 0, 0, 0, 0, 0, 0, 0, 0, 1, 92, 73, 109, 112, 114, 111, 118, 101, 109, 101, 110, 116, 32, 111, 102, 32, 83, 111, 117, 108, 32, 77, 97, 103, 105, 99, 32, 102, 111, 114, 32, 97, 32, 99, 101, 114, 116, 97, 105, 110, 32, 112, 101, 114, 105, 111, 100, 32, 111, 102, 32, 116, 105, 109, 101, 46, 13, 10, 45, 68, 117, 114, 97, 116, 105, 117, 111, 110, 32, 51, 32, 72, 111, 117, 114, 115, 13, 10, 45, 78, 111, 110, 101, 32, 83, 116, 97, 99, 107, 97, 98, 108, 101, 16, 9, 5, 0, 184, 1, 0, 0, 1, 0, 0, 0, 3, 65, 108, 108, 6, 80, 111, 116, 105, 111, 110, 0, 0, 0, 0, 0, 0, 0, 125, 117, 136, 58, 128, 214, 210, 136, 0, 0, 0, 0, 
[2020/1/15 23:41:31]: --->发送服务端包Index: 220
[2020/1/15 23:41:31]: --->发送服务端包信息: ServerPackets.GameShopInfo
[2020/1/15 23:41:31]: --->发送服务端包字节信息: 235, 0, 220, 0, 252, 4, 0, 0, 9, 0, 0, 0, 252, 4, 0, 0, 11, 83, 111, 117, 108, 76, 105, 113, 117, 111, 114, 53, 13, 1, 0, 31, 3, 0, 3, 0, 1, 0, 0, 118, 14, 44, 1, 1, 0, 0, 0, 232, 3, 0, 0, 0, 0, 0, 0, 0, 0, 0, 0, 0, 7, 0, 0, 0, 0, 0, 0, 0, 0, 0, 0, 0, 0, 0, 0, 0, 0, 0, 0, 0, 0, 0, 0, 0, 0, 0, 0, 0, 0, 0, 0, 0, 0, 0, 0, 0, 0, 0, 0, 1, 92, 73, 109, 112, 114, 111, 118, 101, 109, 101, 110, 116, 32, 111, 102, 32, 83, 111, 117, 108, 32, 77, 97, 103, 105, 99, 32, 102, 111, 114, 32, 97, 32, 99, 101, 114, 116, 97, 105, 110, 32, 112, 101, 114, 105, 111, 100, 32, 111, 102, 32, 116, 105, 109, 101, 46, 13, 10, 45, 68, 117, 114, 97, 116, 105, 117, 111, 110, 32, 53, 32, 72, 111, 117, 114, 115, 13, 10, 45, 78, 111, 110, 101, 32, 83, 116, 97, 99, 107, 97, 98, 108, 101, 84, 75, 6, 0, 38, 2, 0, 0, 1, 0, 0, 0, 3, 65, 108, 108, 6, 80, 111, 116, 105, 111, 110, 0, 0, 0, 0, 0, 0, 1, 125, 117, 136, 58, 128, 214, 210, 136, 0, 0, 0, 0, 
[2020/1/15 23:41:31]: --->发送服务端包Index: 220
[2020/1/15 23:41:31]: --->发送服务端包信息: ServerPackets.GameShopInfo
[2020/1/15 23:41:31]: --->发送服务端包字节信息: 235, 0, 220, 0, 253, 4, 0, 0, 10, 0, 0, 0, 253, 4, 0, 0, 11, 72, 101, 97, 108, 116, 104, 87, 105, 110, 101, 49, 13, 1, 0, 31, 3, 0, 3, 0, 1, 0, 0, 122, 14, 60, 0, 1, 0, 0, 0, 232, 3, 0, 0, 0, 0, 0, 0, 0, 0, 0, 0, 0, 0, 220, 0, 0, 0, 0, 0, 0, 0, 0, 0, 0, 0, 0, 0, 0, 0, 0, 0, 0, 0, 0, 0, 0, 0, 0, 0, 0, 0, 0, 0, 0, 0, 0, 0, 0, 0, 0, 0, 1, 92, 73, 109, 112, 114, 111, 118, 101, 109, 101, 110, 116, 32, 111, 102, 32, 121, 111, 117, 114, 32, 72, 101, 97, 108, 116, 104, 32, 102, 111, 114, 32, 97, 32, 99, 101, 114, 116, 97, 105, 110, 32, 112, 101, 114, 105, 111, 100, 32, 111, 102, 32, 116, 105, 109, 101, 46, 13, 10, 45, 68, 117, 114, 97, 116, 105, 117, 111, 110, 32, 49, 32, 72, 111, 117, 114, 13, 10, 45, 78, 111, 110, 101, 32, 83, 116, 97, 99, 107, 97, 98, 108, 101, 136, 132, 2, 0, 220, 0, 0, 0, 1, 0, 0, 0, 3, 65, 108, 108, 6, 80, 111, 116, 105, 111, 110, 0, 0, 0, 0, 0, 0, 0, 125, 117, 136, 58, 128, 214, 210, 136, 0, 0, 0, 0, 
[2020/1/15 23:41:31]: --->发送服务端包Index: 220
[2020/1/15 23:41:31]: --->发送服务端包信息: ServerPackets.GameShopInfo
[2020/1/15 23:41:31]: --->发送服务端包字节信息: 236, 0, 220, 0, 254, 4, 0, 0, 11, 0, 0, 0, 254, 4, 0, 0, 11, 72, 101, 97, 108, 116, 104, 87, 105, 110, 101, 51, 13, 1, 0, 31, 3, 0, 3, 0, 1, 0, 0, 122, 14, 180, 0, 1, 0, 0, 0, 232, 3, 0, 0, 0, 0, 0, 0, 0, 0, 0, 0, 0, 0, 220, 0, 0, 0, 0, 0, 0, 0, 0, 0, 0, 0, 0, 0, 0, 0, 0, 0, 0, 0, 0, 0, 0, 0, 0, 0, 0, 0, 0, 0, 0, 0, 0, 0, 0, 0, 0, 0, 1, 93, 73, 109, 112, 114, 111, 118, 101, 109, 101, 110, 116, 32, 111, 102, 32, 121, 111, 117, 114, 32, 72, 101, 97, 108, 116, 104, 32, 102, 111, 114, 32, 97, 32, 99, 101, 114, 116, 97, 105, 110, 32, 112, 101, 114, 105, 111, 100, 32, 111, 102, 32, 116, 105, 109, 101, 46, 13, 10, 45, 68, 117, 114, 97, 116, 105, 117, 111, 110, 32, 51, 32, 72, 111, 117, 114, 115, 13, 10, 45, 78, 111, 110, 101, 32, 83, 116, 97, 99, 107, 97, 98, 108, 101, 16, 9, 5, 0, 184, 1, 0, 0, 1, 0, 0, 0, 3, 65, 108, 108, 6, 80, 111, 116, 105, 111, 110, 0, 0, 0, 0, 0, 0, 0, 125, 117, 136, 58, 128, 214, 210, 136, 0, 0, 0, 0, 
[2020/1/15 23:41:31]: --->发送服务端包Index: 220
[2020/1/15 23:41:31]: --->发送服务端包信息: ServerPackets.GameShopInfo
[2020/1/15 23:41:31]: --->发送服务端包字节信息: 236, 0, 220, 0, 255, 4, 0, 0, 12, 0, 0, 0, 255, 4, 0, 0, 11, 72, 101, 97, 108, 116, 104, 87, 105, 110, 101, 53, 13, 1, 0, 31, 3, 0, 3, 0, 1, 0, 0, 122, 14, 44, 1, 1, 0, 0, 0, 232, 3, 0, 0, 0, 0, 0, 0, 0, 0, 0, 0, 0, 0, 220, 0, 0, 0, 0, 0, 0, 0, 0, 0, 0, 0, 0, 0, 0, 0, 0, 0, 0, 0, 0, 0, 0, 0, 0, 0, 0, 0, 0, 0, 0, 0, 0, 0, 0, 0, 0, 0, 1, 93, 73, 109, 112, 114, 111, 118, 101, 109, 101, 110, 116, 32, 111, 102, 32, 121, 111, 117, 114, 32, 72, 101, 97, 108, 116, 104, 32, 102, 111, 114, 32, 97, 32, 99, 101, 114, 116, 97, 105, 110, 32, 112, 101, 114, 105, 111, 100, 32, 111, 102, 32, 116, 105, 109, 101, 46, 13, 10, 45, 68, 117, 114, 97, 116, 105, 117, 111, 110, 32, 53, 32, 72, 111, 117, 114, 115, 13, 10, 45, 78, 111, 110, 101, 32, 83, 116, 97, 99, 107, 97, 98, 108, 101, 84, 75, 6, 0, 38, 2, 0, 0, 1, 0, 0, 0, 3, 65, 108, 108, 6, 80, 111, 116, 105, 111, 110, 0, 0, 0, 0, 0, 0, 0, 125, 117, 136, 58, 128, 214, 210, 136, 0, 0, 0, 0, 
[2020/1/15 23:41:31]: --->发送服务端包Index: 220
[2020/1/15 23:41:31]: --->发送服务端包信息: ServerPackets.GameShopInfo
[2020/1/15 23:41:31]: --->发送服务端包字节信息: 232, 0, 220, 0, 0, 5, 0, 0, 13, 0, 0, 0, 0, 5, 0, 0, 10, 77, 97, 103, 105, 99, 87, 105, 110, 101, 49, 13, 1, 0, 31, 3, 0, 3, 0, 1, 0, 0, 123, 14, 60, 0, 1, 0, 0, 0, 232, 3, 0, 0, 0, 0, 0, 0, 0, 0, 0, 0, 0, 0, 0, 0, 220, 0, 0, 0, 0, 0, 0, 0, 0, 0, 0, 0, 0, 0, 0, 0, 0, 0, 0, 0, 0, 0, 0, 0, 0, 0, 0, 0, 0, 0, 0, 0, 0, 0, 0, 0, 1, 90, 73, 109, 112, 114, 111, 118, 101, 109, 101, 110, 116, 32, 111, 102, 32, 121, 111, 117, 114, 32, 77, 97, 110, 97, 32, 102, 111, 114, 32, 97, 32, 99, 101, 114, 116, 97, 105, 110, 32, 112, 101, 114, 105, 111, 100, 32, 111, 102, 32, 116, 105, 109, 101, 46, 13, 10, 45, 68, 117, 114, 97, 116, 105, 117, 111, 110, 32, 49, 32, 72, 111, 117, 114, 13, 10, 45, 78, 111, 110, 101, 32, 83, 116, 97, 99, 107, 97, 98, 108, 101, 136, 132, 2, 0, 220, 0, 0, 0, 1, 0, 0, 0, 3, 65, 108, 108, 6, 80, 111, 116, 105, 111, 110, 0, 0, 0, 0, 0, 0, 0, 125, 117, 136, 58, 128, 214, 210, 136, 0, 0, 0, 0, 
[2020/1/15 23:41:31]: --->发送服务端包Index: 220
[2020/1/15 23:41:31]: --->发送服务端包信息: ServerPackets.GameShopInfo
[2020/1/15 23:41:31]: --->发送服务端包字节信息: 233, 0, 220, 0, 1, 5, 0, 0, 14, 0, 0, 0, 1, 5, 0, 0, 10, 77, 97, 103, 105, 99, 87, 105, 110, 101, 51, 13, 1, 0, 31, 3, 0, 3, 0, 1, 0, 0, 123, 14, 180, 0, 1, 0, 0, 0, 232, 3, 0, 0, 0, 0, 0, 0, 0, 0, 0, 0, 0, 0, 0, 0, 220, 0, 0, 0, 0, 0, 0, 0, 0, 0, 0, 0, 0, 0, 0, 0, 0, 0, 0, 0, 0, 0, 0, 0, 0, 0, 0, 0, 0, 0, 0, 0, 0, 0, 0, 0, 1, 91, 73, 109, 112, 114, 111, 118, 101, 109, 101, 110, 116, 32, 111, 102, 32, 121, 111, 117, 114, 32, 77, 97, 110, 97, 32, 102, 111, 114, 32, 97, 32, 99, 101, 114, 116, 97, 105, 110, 32, 112, 101, 114, 105, 111, 100, 32, 111, 102, 32, 116, 105, 109, 101, 46, 13, 10, 45, 68, 117, 114, 97, 116, 105, 117, 111, 110, 32, 51, 32, 72, 111, 117, 114, 115, 13, 10, 45, 78, 111, 110, 101, 32, 83, 116, 97, 99, 107, 97, 98, 108, 101, 16, 9, 5, 0, 184, 1, 0, 0, 1, 0, 0, 0, 3, 65, 108, 108, 6, 80, 111, 116, 105, 111, 110, 0, 0, 0, 0, 0, 0, 0, 125, 117, 136, 58, 128, 214, 210, 136, 0, 0, 0, 0, 
[2020/1/15 23:41:31]: --->发送服务端包Index: 220
[2020/1/15 23:41:31]: --->发送服务端包信息: ServerPackets.GameShopInfo
[2020/1/15 23:41:31]: --->发送服务端包字节信息: 233, 0, 220, 0, 2, 5, 0, 0, 15, 0, 0, 0, 2, 5, 0, 0, 10, 77, 97, 103, 105, 99, 87, 105, 110, 101, 53, 13, 1, 0, 31, 3, 0, 3, 0, 1, 0, 0, 123, 14, 44, 1, 1, 0, 0, 0, 232, 3, 0, 0, 0, 0, 0, 0, 0, 0, 0, 0, 0, 0, 0, 0, 220, 0, 0, 0, 0, 0, 0, 0, 0, 0, 0, 0, 0, 0, 0, 0, 0, 0, 0, 0, 0, 0, 0, 0, 0, 0, 0, 0, 0, 0, 0, 0, 0, 0, 0, 0, 1, 91, 73, 109, 112, 114, 111, 118, 101, 109, 101, 110, 116, 32, 111, 102, 32, 121, 111, 117, 114, 32, 77, 97, 110, 97, 32, 102, 111, 114, 32, 97, 32, 99, 101, 114, 116, 97, 105, 110, 32, 112, 101, 114, 105, 111, 100, 32, 111, 102, 32, 116, 105, 109, 101, 46, 13, 10, 45, 68, 117, 114, 97, 116, 105, 117, 111, 110, 32, 53, 32, 72, 111, 117, 114, 115, 13, 10, 45, 78, 111, 110, 101, 32, 83, 116, 97, 99, 107, 97, 98, 108, 101, 84, 75, 6, 0, 38, 2, 0, 0, 1, 0, 0, 0, 3, 65, 108, 108, 6, 80, 111, 116, 105, 111, 110, 0, 0, 0, 0, 0, 0, 0, 125, 117, 136, 58, 128, 214, 210, 136, 0, 0, 0, 0, 
[2020/1/15 23:41:31]: --->发送服务端包Index: 220
[2020/1/15 23:41:31]: --->发送服务端包信息: ServerPackets.GameShopInfo
[2020/1/15 23:41:31]: --->发送服务端包字节信息: 241, 0, 220, 0, 3, 5, 0, 0, 16, 0, 0, 0, 3, 5, 0, 0, 11, 71, 97, 108, 101, 80, 111, 116, 105, 111, 110, 49, 13, 1, 0, 31, 3, 0, 3, 0, 1, 0, 0, 171, 6, 60, 0, 1, 0, 0, 0, 232, 3, 0, 0, 0, 0, 0, 0, 0, 0, 0, 0, 0, 0, 0, 0, 0, 0, 0, 0, 0, 8, 0, 0, 0, 0, 0, 0, 0, 0, 0, 0, 0, 0, 0, 0, 0, 0, 0, 0, 0, 0, 0, 0, 0, 0, 0, 0, 0, 0, 0, 0, 1, 98, 73, 109, 112, 114, 111, 118, 101, 109, 101, 110, 116, 32, 111, 102, 32, 121, 111, 117, 114, 32, 65, 116, 116, 97, 99, 107, 32, 83, 112, 101, 101, 100, 32, 102, 111, 114, 32, 97, 32, 99, 101, 114, 116, 97, 105, 110, 32, 112, 101, 114, 105, 111, 100, 32, 111, 102, 32, 116, 105, 109, 101, 46, 13, 10, 45, 68, 117, 114, 97, 116, 105, 117, 111, 110, 32, 49, 32, 72, 111, 117, 114, 13, 10, 45, 78, 111, 110, 101, 32, 83, 116, 97, 99, 107, 97, 98, 108, 101, 84, 75, 6, 0, 38, 2, 0, 0, 1, 0, 0, 0, 3, 65, 108, 108, 6, 80, 111, 116, 105, 111, 110, 0, 0, 0, 0, 0, 0, 0, 125, 117, 136, 58, 128, 214, 210, 136, 0, 0, 0, 0, 
[2020/1/15 23:41:31]: --->发送服务端包Index: 220
[2020/1/15 23:41:31]: --->发送服务端包信息: ServerPackets.GameShopInfo
[2020/1/15 23:41:31]: --->发送服务端包字节信息: 242, 0, 220, 0, 4, 5, 0, 0, 17, 0, 0, 0, 4, 5, 0, 0, 11, 71, 97, 108, 101, 80, 111, 116, 105, 111, 110, 50, 13, 1, 0, 31, 3, 0, 3, 0, 1, 0, 0, 182, 6, 180, 0, 1, 0, 0, 0, 232, 3, 0, 0, 0, 0, 0, 0, 0, 0, 0, 0, 0, 0, 0, 0, 0, 0, 0, 0, 0, 8, 0, 0, 0, 0, 0, 0, 0, 0, 0, 0, 0, 0, 0, 0, 0, 0, 0, 0, 0, 0, 0, 0, 0, 0, 0, 0, 0, 0, 0, 0, 1, 99, 73, 109, 112, 114, 111, 118, 101, 109, 101, 110, 116, 32, 111, 102, 32, 121, 111, 117, 114, 32, 65, 116, 116, 97, 99, 107, 32, 83, 112, 101, 101, 100, 32, 102, 111, 114, 32, 97, 32, 99, 101, 114, 116, 97, 105, 110, 32, 112, 101, 114, 105, 111, 100, 32, 111, 102, 32, 116, 105, 109, 101, 46, 13, 10, 45, 68, 117, 114, 97, 116, 105, 117, 111, 110, 32, 51, 32, 72, 111, 117, 114, 115, 13, 10, 45, 78, 111, 110, 101, 32, 83, 116, 97, 99, 107, 97, 98, 108, 101, 252, 225, 18, 0, 114, 6, 0, 0, 1, 0, 0, 0, 3, 65, 108, 108, 6, 80, 111, 116, 105, 111, 110, 0, 0, 0, 0, 0, 0, 0, 125, 117, 136, 58, 128, 214, 210, 136, 0, 0, 0, 0, 
[2020/1/15 23:41:31]: --->发送服务端包Index: 220
[2020/1/15 23:41:31]: --->发送服务端包信息: ServerPackets.GameShopInfo
[2020/1/15 23:41:31]: --->发送服务端包字节信息: 242, 0, 220, 0, 5, 5, 0, 0, 18, 0, 0, 0, 5, 5, 0, 0, 11, 71, 97, 108, 101, 80, 111, 116, 105, 111, 110, 51, 13, 1, 0, 31, 3, 0, 3, 0, 1, 0, 0, 183, 6, 44, 1, 1, 0, 0, 0, 232, 3, 0, 0, 0, 0, 0, 0, 0, 0, 0, 0, 0, 0, 0, 0, 0, 0, 0, 0, 0, 8, 0, 0, 0, 0, 0, 0, 0, 0, 0, 0, 0, 0, 0, 0, 0, 0, 0, 0, 0, 0, 0, 0, 0, 0, 0, 0, 0, 0, 0, 0, 1, 99, 73, 109, 112, 114, 111, 118, 101, 109, 101, 110, 116, 32, 111, 102, 32, 121, 111, 117, 114, 32, 65, 116, 116, 97, 99, 107, 32, 83, 112, 101, 101, 100, 32, 102, 111, 114, 32, 97, 32, 99, 101, 114, 116, 97, 105, 110, 32, 112, 101, 114, 105, 111, 100, 32, 111, 102, 32, 116, 105, 109, 101, 46, 13, 10, 45, 68, 117, 114, 97, 116, 105, 117, 111, 110, 32, 53, 32, 72, 111, 117, 114, 115, 13, 10, 45, 78, 111, 110, 101, 32, 83, 116, 97, 99, 107, 97, 98, 108, 101, 164, 120, 31, 0, 190, 10, 0, 0, 1, 0, 0, 0, 3, 65, 108, 108, 6, 80, 111, 116, 105, 111, 110, 0, 0, 0, 0, 0, 0, 1, 125, 117, 136, 58, 128, 214, 210, 136, 0, 0, 0, 0, 
[2020/1/15 23:41:31]: --->发送服务端包信息: ServerPackets.GameShopInfo
[2020/1/15 23:41:31]: --->发送服务端包Index: 220
[2020/1/15 23:41:31]: --->发送服务端包字节信息: 227, 0, 220, 0, 15, 5, 0, 0, 36, 0, 0, 0, 15, 5, 0, 0, 11, 68, 67, 84, 111, 114, 99, 104, 91, 51, 104, 93, 12, 0, 0, 31, 3, 0, 0, 0, 1, 53, 0, 154, 14, 176, 54, 1, 0, 0, 0, 0, 0, 0, 0, 0, 0, 0, 0, 0, 1, 0, 0, 0, 0, 0, 0, 0, 0, 0, 0, 0, 0, 0, 0, 0, 0, 0, 0, 0, 0, 0, 0, 0, 0, 0, 0, 0, 0, 0, 0, 0, 0, 0, 0, 0, 0, 0, 0, 0, 0, 0, 0, 1, 85, 80, 114, 101, 109, 105, 117, 109, 32, 84, 111, 114, 99, 104, 32, 112, 117, 114, 99, 104, 97, 115, 101, 100, 32, 102, 114, 111, 109, 32, 116, 104, 101, 32, 71, 97, 109, 101, 83, 104, 111, 112, 46, 13, 10, 45, 68, 101, 115, 116, 114, 117, 99, 116, 105, 111, 110, 32, 80, 111, 119, 101, 114, 32, 43, 49, 13, 10, 45, 68, 117, 114, 97, 116, 105, 117, 111, 110, 32, 51, 32, 72, 111, 117, 114, 115, 136, 132, 2, 0, 220, 0, 0, 0, 1, 0, 0, 0, 3, 65, 108, 108, 5, 84, 111, 114, 99, 104, 0, 0, 0, 0, 0, 0, 0, 205, 202, 108, 215, 128, 214, 210, 136, 0, 0, 0, 0, 
[2020/1/15 23:41:31]: --->发送服务端包Index: 220
[2020/1/15 23:41:31]: --->发送服务端包字节信息: 254, 0, 220, 0, 21, 5, 0, 0, 42, 0, 0, 0, 21, 5, 0, 0, 7, 69, 88, 80, 51, 48, 37, 49, 13, 0, 0, 31, 3, 0, 4, 0, 1, 0, 0, 137, 14, 60, 0, 1, 0, 0, 0, 100, 0, 0, 0, 0, 0, 0, 0, 0, 0, 0, 0, 0, 0, 0, 0, 0, 0, 0, 0, 30, 0, 0, 0, 0, 0, 0, 0, 0, 0, 0, 0, 0, 0, 0, 0, 0, 0, 0, 0, 0, 0, 0, 0, 0, 0, 0, 0, 0, 0, 0, 0, 1, 115, 65, 100, 100, 105, 116, 105, 111, 110, 97, 108, 32, 69, 120, 112, 101, 114, 105, 101, 110, 99, 101, 32, 97, 99, 113, 117, 105, 114, 101, 100, 32, 102, 111, 114, 32, 97, 32, 112, 101, 114, 105, 111, 100, 32, 111, 102, 32, 116, 105, 109, 101, 46, 13, 10, 45, 65, 100, 100, 105, 116, 105, 111, 110, 97, 108, 32, 69, 120, 112, 101, 114, 105, 101, 110, 99, 101, 32, 51, 48, 37, 13, 10, 45, 68, 117, 114, 97, 116, 105, 111, 110, 32, 49, 32, 72, 111, 117, 114, 13, 10, 45, 78, 111, 110, 101, 32, 83, 116, 97, 99, 107, 97, 98, 108, 101, 84, 75, 6, 0, 38, 2, 0, 0, 1, 0, 0, 0, 3, 65, 108, 108, 6, 83, 99, 114, 111, 108, 108, 0, 0, 0, 0, 0, 0, 0, 205, 202, 108, 215, 128, 214, 210, 136, 0, 0, 0, 0, 
[2020/1/15 23:41:31]: --->发送服务端包字节信息: 254, 0, 220, 0, 25, 5, 0, 0, 46, 0, 0, 0, 25, 5, 0, 0, 7, 69, 88, 80, 53, 48, 37, 49, 13, 0, 0, 31, 3, 0, 4, 0, 1, 0, 0, 150, 14, 60, 0, 1, 0, 0, 0, 100, 0, 0, 0, 0, 0, 0, 0, 0, 0, 0, 0, 0, 0, 0, 0, 0, 0, 0, 0, 50, 0, 0, 0, 0, 0, 0, 0, 0, 0, 0, 0, 0, 0, 0, 0, 0, 0, 0, 0, 0, 0, 0, 0, 0, 0, 0, 0, 0, 0, 0, 0, 1, 115, 65, 100, 100, 105, 116, 105, 111, 110, 97, 108, 32, 69, 120, 112, 101, 114, 105, 101, 110, 99, 101, 32, 97, 99, 113, 117, 105, 114, 101, 100, 32, 102, 111, 114, 32, 97, 32, 112, 101, 114, 105, 111, 100, 32, 111, 102, 32, 116, 105, 109, 101, 46, 13, 10, 45, 65, 100, 100, 105, 116, 105, 111, 110, 97, 108, 32, 69, 120, 112, 101, 114, 105, 101, 110, 99, 101, 32, 53, 48, 37, 13, 10, 45, 68, 117, 114, 97, 116, 105, 111, 110, 32, 49, 32, 72, 111, 117, 114, 13, 10, 45, 78, 111, 110, 101, 32, 83, 116, 97, 99, 107, 97, 98, 108, 101, 168, 150, 12, 0, 76, 4, 0, 0, 1, 0, 0, 0, 3, 65, 108, 108, 6, 83, 99, 114, 111, 108, 108, 0, 0, 0, 0, 0, 0, 0, 205, 202, 108, 215, 128, 214, 210, 136, 0, 0, 0, 0, 
[2020/1/15 23:41:31]: --->发送服务端包信息: ServerPackets.GameShopInfo
[2020/1/15 23:41:31]: --->发送服务端包字节信息: 191, 0, 220, 0, 184, 3, 0, 0, 51, 0, 0, 0, 184, 3, 0, 0, 14, 67, 114, 101, 97, 116, 117, 114, 101, 77, 105, 114, 114, 111, 114, 36, 0, 0, 31, 3, 0, 20, 0, 2, 0, 0, 206, 14, 0, 0, 1, 0, 0, 0, 80, 195, 0, 0, 0, 0, 0, 0, 0, 0, 0, 0, 0, 0, 0, 0, 0, 0, 0, 0, 0, 0, 0, 0, 0, 0, 0, 0, 0, 0, 0, 0, 0, 0, 0, 0, 0, 0, 0, 0, 0, 0, 0, 0, 0, 0, 0, 0, 0, 0, 0, 0, 1, 43, 87, 105, 116, 104, 32, 116, 104, 105, 115, 32, 109, 105, 114, 114, 111, 114, 32, 121, 111, 117, 32, 99, 97, 110, 32, 114, 101, 110, 97, 109, 101, 32, 97, 32, 99, 114, 101, 97, 116, 117, 114, 101, 46, 84, 75, 6, 0, 38, 2, 0, 0, 1, 0, 0, 0, 3, 65, 108, 108, 8, 67, 114, 101, 97, 116, 117, 114, 101, 0, 0, 0, 0, 0, 0, 0, 109, 32, 57, 85, 130, 214, 210, 136, 0, 0, 0, 0, 
[2020/1/15 23:41:31]: --->发送服务端包Index: 220
[2020/1/15 23:41:31]: --->发送服务端包Index: 220
[2020/1/15 23:41:31]: --->发送服务端包Index: 220
[2020/1/15 23:41:31]: --->发送服务端包信息: ServerPackets.GameShopInfo
[2020/1/15 23:41:31]: --->发送服务端包Index: 220
[2020/1/15 23:41:31]: --->发送服务端包信息: ServerPackets.GameShopInfo
[2020/1/15 23:41:31]: --->发送服务端包字节信息: 170, 0, 220, 0, 77, 4, 0, 0, 75, 0, 0, 0, 77, 4, 0, 0, 11, 84, 114, 97, 110, 115, 102, 111, 114, 109, 49, 56, 37, 0, 0, 31, 3, 0, 18, 0, 1, 0, 0, 180, 14, 16, 14, 1, 0, 0, 0, 244, 1, 0, 0, 0, 1, 0, 0, 0, 0, 0, 0, 0, 0, 0, 0, 0, 0, 0, 0, 0, 0, 0, 0, 0, 0, 0, 0, 0, 0, 0, 0, 0, 0, 0, 0, 0, 0, 0, 0, 0, 0, 0, 0, 0, 0, 0, 0, 0, 0, 0, 0, 1, 24, 40, 77, 41, 32, 71, 111, 108, 100, 32, 65, 114, 109, 111, 117, 114, 32, 43, 32, 83, 99, 121, 116, 104, 101, 204, 198, 3, 0, 74, 1, 0, 0, 1, 0, 0, 0, 3, 65, 108, 108, 9, 84, 114, 97, 110, 115, 102, 111, 114, 109, 0, 0, 0, 0, 0, 0, 0, 212, 109, 27, 96, 131, 214, 210, 136, 0, 0, 0, 0, 
[2020/1/15 23:41:31]: --->发送服务端包字节信息: 175, 0, 220, 0, 79, 4, 0, 0, 77, 0, 0, 0, 79, 4, 0, 0, 11, 84, 114, 97, 110, 115, 102, 111, 114, 109, 50, 48, 37, 0, 0, 31, 3, 0, 20, 0, 1, 0, 0, 180, 14, 16, 14, 1, 0, 0, 0, 244, 1, 0, 0, 0, 1, 0, 0, 0, 0, 0, 0, 0, 0, 0, 0, 0, 0, 0, 0, 0, 0, 0, 0, 0, 0, 0, 0, 0, 0, 0, 0, 0, 0, 0, 0, 0, 0, 0, 0, 0, 0, 0, 0, 0, 0, 0, 0, 0, 0, 0, 0, 1, 29, 70, 111, 111, 116, 98, 97, 108, 108, 32, 80, 108, 97, 121, 101, 114, 32, 66, 108, 97, 99, 107, 32, 117, 110, 105, 102, 111, 114, 109, 204, 198, 3, 0, 74, 1, 0, 0, 1, 0, 0, 0, 3, 65, 108, 108, 9, 84, 114, 97, 110, 115, 102, 111, 114, 109, 0, 0, 0, 0, 0, 0, 0, 212, 109, 27, 96, 131, 214, 210, 136, 0, 0, 0, 0, 
[2020/1/15 23:41:31]: --->发送服务端包字节信息: 183, 0, 220, 0, 83, 4, 0, 0, 81, 0, 0, 0, 83, 4, 0, 0, 11, 84, 114, 97, 110, 115, 102, 111, 114, 109, 50, 52, 37, 0, 0, 31, 3, 0, 24, 0, 1, 0, 0, 180, 14, 16, 14, 1, 0, 0, 0, 244, 1, 0, 0, 0, 1, 0, 0, 0, 0, 0, 0, 0, 0, 0, 0, 0, 0, 0, 0, 0, 0, 0, 0, 0, 0, 0, 0, 0, 0, 0, 0, 0, 0, 0, 0, 0, 0, 0, 0, 0, 0, 0, 0, 0, 0, 0, 0, 0, 0, 0, 0, 1, 37, 70, 111, 111, 116, 98, 97, 108, 108, 32, 80, 108, 97, 121, 101, 114, 32, 80, 105, 110, 107, 32, 97, 110, 100, 32, 66, 108, 117, 101, 32, 117, 110, 105, 102, 111, 114, 109, 204, 198, 3, 0, 74, 1, 0, 0, 1, 0, 0, 0, 3, 65, 108, 108, 9, 84, 114, 97, 110, 115, 102, 111, 114, 109, 0, 0, 0, 0, 0, 0, 0, 212, 109, 27, 96, 131, 214, 210, 136, 0, 0, 0, 0, 
[2020/1/15 23:41:31]: --->发送服务端包Index: 220
[2020/1/15 23:41:31]: --->发送服务端包信息: ServerPackets.GameShopInfo
[2020/1/15 23:41:31]: --->发送服务端包字节信息: 220, 0, 220, 0, 26, 3, 0, 0, 89, 0, 0, 0, 26, 3, 0, 0, 17, 82, 101, 100, 70, 105, 115, 104, 105, 110, 103, 82, 111, 100, 91, 54, 77, 93, 1, 2, 0, 31, 3, 0, 50, 0, 17, 0, 20, 198, 14, 56, 74, 1, 0, 0, 0, 168, 97, 0, 0, 0, 16, 0, 0, 0, 0, 0, 0, 0, 0, 0, 0, 0, 0, 0, 0, 0, 0, 0, 0, 0, 0, 0, 0, 0, 0, 0, 0, 0, 0, 0, 10, 0, 2, 0, 0, 0, 0, 0, 4, 0, 0, 0, 0, 0, 0, 0, 0, 1, 70, 80, 114, 101, 109, 105, 117, 109, 32, 70, 105, 115, 104, 105, 110, 103, 32, 82, 111, 100, 32, 112, 117, 114, 99, 104, 97, 115, 97, 98, 108, 101, 32, 102, 114, 111, 109, 32, 116, 104, 101, 32, 71, 97, 109, 101, 83, 104, 111, 112, 46, 13, 10, 45, 68, 117, 114, 97, 116, 105, 111, 110, 32, 54, 32, 77, 111, 110, 116, 104, 115, 8, 246, 181, 0, 28, 62, 0, 0, 1, 0, 0, 0, 3, 65, 108, 108, 7, 70, 105, 115, 104, 105, 110, 103, 0, 0, 0, 0, 0, 0, 0, 77, 245, 230, 150, 131, 214, 210, 136, 0, 0, 0, 0, 
[2020/1/15 23:41:31]: --->发送服务端包Index: 220
[2020/1/15 23:41:31]: --->发送服务端包字节信息: 146, 0, 220, 0, 33, 3, 0, 0, 92, 0, 0, 0, 33, 3, 0, 0, 13, 80, 114, 101, 109, 105, 117, 109, 70, 105, 110, 100, 101, 114, 31, 2, 0, 31, 3, 0, 0, 0, 1, 0, 20, 201, 14, 88, 27, 1, 0, 0, 0, 168, 97, 0, 0, 0, 4, 0, 0, 0, 0, 0, 0, 0, 0, 0, 0, 0, 0, 0, 0, 0, 0, 0, 0, 0, 0, 0, 0, 0, 0, 0, 0, 0, 0, 0, 7, 0, 2, 0, 0, 0, 0, 0, 4, 0, 0, 0, 0, 0, 0, 0, 0, 1, 0, 16, 9, 5, 0, 184, 1, 0, 0, 1, 0, 0, 0, 3, 65, 108, 108, 7, 70, 105, 115, 104, 105, 110, 103, 0, 0, 0, 0, 0, 0, 0, 121, 238, 127, 156, 131, 214, 210, 136, 0, 0, 0, 0, 
[2020/1/15 23:41:31]: --->发送服务端包Index: 220
[2020/1/15 23:41:31]: --->发送服务端包信息: ServerPackets.GameShopInfo
[2020/1/15 23:41:31]: --->发送服务端包字节信息: 139, 0, 220, 0, 1, 3, 0, 0, 99, 0, 0, 0, 1, 3, 0, 0, 8, 82, 101, 100, 84, 105, 103, 101, 114, 19, 1, 0, 31, 3, 0, 5, 0, 1, 0, 22, 172, 14, 32, 78, 1, 0, 0, 0, 48, 87, 5, 0, 2, 4, 1, 4, 0, 1, 1, 1, 1, 1, 0, 0, 0, 0, 0, 0, 0, 0, 0, 0, 0, 0, 0, 0, 0, 0, 0, 0, 0, 0, 0, 0, 0, 2, 0, 0, 0, 0, 0, 145, 0, 0, 0, 0, 0, 0, 0, 0, 1, 0, 248, 160, 147, 0, 100, 50, 0, 0, 1, 0, 0, 0, 3, 65, 108, 108, 5, 77, 111, 117, 110, 116, 0, 0, 0, 0, 0, 0, 1, 59, 61, 90, 13, 134, 214, 210, 136, 0, 0, 0, 0, 
[2020/1/15 23:41:31]: --->发送服务端包Index: 220
[2020/1/15 23:41:31]: --->发送服务端包信息: ServerPackets.GameShopInfo
[2020/1/15 23:41:31]: --->发送服务端包字节信息: 141, 0, 220, 0, 2, 3, 0, 0, 100, 0, 0, 0, 2, 3, 0, 0, 10, 87, 104, 105, 116, 101, 84, 105, 103, 101, 114, 19, 1, 0, 31, 3, 0, 6, 0, 1, 0, 22, 173, 14, 32, 78, 1, 0, 0, 0, 48, 87, 5, 0, 1, 4, 0, 2, 0, 2, 1, 4, 1, 4, 0, 0, 0, 0, 0, 0, 0, 0, 0, 0, 0, 0, 0, 0, 0, 0, 0, 0, 0, 0, 0, 0, 0, 2, 0, 0, 0, 0, 0, 145, 0, 0, 0, 0, 0, 0, 0, 0, 1, 0, 248, 160, 147, 0, 100, 50, 0, 0, 1, 0, 0, 0, 3, 65, 108, 108, 5, 77, 111, 117, 110, 116, 0, 0, 0, 0, 0, 0, 1, 157, 8, 190, 19, 134, 214, 210, 136, 0, 0, 0, 0, 
[2020/1/15 23:41:31]: --->发送服务端包Index: 220
[2020/1/15 23:41:31]: --->发送服务端包信息: ServerPackets.GameShopInfo
[2020/1/15 23:41:31]: --->发送服务端包字节信息: 135, 0, 220, 0, 3, 3, 0, 0, 101, 0, 0, 0, 3, 3, 0, 0, 4, 87, 111, 108, 102, 19, 1, 0, 31, 3, 0, 7, 0, 5, 0, 35, 191, 14, 32, 78, 1, 0, 0, 0, 32, 161, 7, 0, 1, 2, 1, 1, 1, 4, 2, 5, 2, 5, 0, 0, 0, 0, 0, 0, 0, 0, 0, 0, 0, 0, 0, 0, 0, 0, 0, 0, 0, 0, 0, 0, 0, 2, 0, 0, 0, 0, 0, 145, 0, 0, 0, 0, 0, 0, 0, 0, 1, 0, 248, 160, 147, 0, 4, 66, 0, 0, 1, 0, 0, 0, 3, 65, 108, 108, 5, 77, 111, 117, 110, 116, 0, 0, 0, 0, 0, 0, 1, 49, 124, 206, 22, 134, 214, 210, 136, 0, 0, 0, 0, 
[2020/1/15 23:41:31]: --->发送服务端包信息: ServerPackets.GameShopInfo
[2020/1/15 23:41:31]: --->发送服务端包Index: 59
[2020/1/15 23:41:31]: --->发送服务端包字节信息: 53, 0, 77, 0, 6, 0, 0, 0, 13, 77, 101, 114, 99, 104, 97, 110, 116, 95, 74, 111, 104, 110, 0, 255, 0, 255, 11, 0, 0, 0, 0, 0, 37, 1, 0, 0, 91, 2, 0, 0, 2, 2, 0, 0, 0, 3, 0, 0, 0, 4, 0, 0, 0, 
[2020/1/15 23:41:31]: --->发送服务端包Index: 77
[2020/1/15 23:41:31]: --->发送服务端包Index: 77
[2020/1/15 23:41:31]: --->发送服务端包Index: 59
[2020/1/15 23:41:31]: --->发送服务端包字节信息: 47, 0, 59, 0, 33, 6, 0, 0, 4, 68, 101, 101, 114, 255, 255, 255, 255, 27, 1, 0, 0, 101, 2, 0, 0, 4, 0, 4, 0, 2, 0, 0, 0, 0, 0, 0, 0, 0, 0, 0, 0, 0, 0, 0, 0, 0, 0, 
[2020/1/15 23:41:31]: --->发送服务端包信息: ServerPackets.ObjectNPC
[2020/1/15 23:41:31]: --->发送服务端包Index: 77
[2020/1/15 23:41:31]: --->发送服务端包信息: ServerPackets.ObjectNPC
[2020/1/15 23:41:31]: --->发送服务端包字节信息: 54, 0, 59, 0, 149, 8, 0, 0, 11, 65, 114, 99, 104, 101, 114, 71, 117, 97, 114, 100, 255, 255, 255, 255, 39, 1, 0, 0, 112, 2, 0, 0, 139, 0, 3, 0, 57, 20, 0, 0, 0, 0, 0, 0, 0, 0, 0, 0, 0, 0, 0, 0, 0, 0, 
[2020/1/15 23:41:31]: --->发送服务端包Index: 49
[2020/1/15 23:41:31]: --->发送服务端包字节信息: 166, 3, 218, 0, 0, 0, 0, 0, 0, 16, 0, 0, 0, 1, 0, 0, 0, 24, 0, 0, 0, 10, 82, 101, 112, 117, 116, 97, 116, 105, 111, 110, 0, 1, 60, 0, 0, 0, 0, 0, 0, 0, 0, 0, 0, 0, 0, 0, 0, 0, 0, 0, 0, 0, 0, 0, 0, 0, 0, 0, 0, 0, 0, 0, 0, 0, 2, 0, 0, 0, 27, 0, 0, 0, 19, 83, 112, 101, 99, 105, 97, 108, 105, 122, 101, 100, 32, 67, 114, 97, 102, 116, 101, 114, 0, 1, 60, 0, 0, 0, 0, 0, 0, 0, 0, 0, 0, 0, 0, 0, 0, 0, 0, 0, 0, 0, 0, 0, 0, 0, 0, 1, 0, 0, 0, 0, 0, 0, 3, 0, 0, 0, 30, 0, 0, 0, 17, 83, 112, 101, 99, 105, 97, 108, 105, 122, 101, 100, 32, 77, 105, 110, 101, 114, 0, 1, 60, 0, 0, 0, 0, 0, 0, 0, 0, 0, 0, 0, 0, 0, 0, 0, 0, 0, 0, 0, 0, 1, 0, 0, 0, 0, 0, 0, 0, 0, 0, 0, 4, 0, 0, 0, 33, 0, 0, 0, 16, 71, 101, 109, 32, 83, 117, 99, 99, 101, 115, 115, 32, 82, 97, 116, 101, 0, 1, 60, 0, 0, 0, 0, 0, 0, 0, 0, 0, 0, 0, 0, 0, 0, 0, 0, 0, 0, 0, 0, 0, 1, 0, 0, 0, 0, 0, 0, 0, 0, 0, 5, 0, 0, 0, 36, 0, 0, 0, 18, 83, 112, 101, 99, 105, 97, 108, 105, 122, 101, 100, 32, 70, 105, 115, 104, 101, 114, 0, 1, 60, 0, 0, 0, 0, 0, 0, 0, 0, 0, 0, 0, 0, 0, 0, 0, 0, 0, 0, 0, 0, 0, 0, 1, 0, 0, 0, 0, 0, 0, 0, 0, 6, 0, 0, 0, 39, 0, 0, 0, 16, 83, 107, 105, 108, 108, 32, 69, 120, 112, 101, 114, 105, 97, 110, 99, 101, 0, 1, 60, 0, 0, 0, 0, 0, 0, 0, 0, 0, 0, 0, 0, 0, 0, 0, 0, 0, 0, 0, 0, 0, 0, 0, 0, 0, 1, 0, 0, 0, 0, 0, 7, 0, 0, 0, 42, 0, 0, 0, 16, 70, 105, 101, 108, 100, 32, 69, 120, 112, 101, 114, 105, 101, 110, 99, 101, 0, 1, 60, 0, 0, 0, 0, 0, 0, 0, 0, 0, 0, 0, 0, 0, 0, 0, 0, 0, 0, 0, 0, 0, 0, 0, 4, 0, 0, 0, 0, 0, 0, 0, 8, 0, 0, 0, 45, 0, 0, 0, 15, 72, 101, 114, 111, 32, 69, 120, 112, 101, 114, 105, 101, 110, 99, 101, 0, 1, 60, 0, 0, 0, 0, 0, 0, 0, 0, 0, 0, 0, 0, 0, 0, 0, 0, 0, 0, 0, 0, 0, 0, 0, 0, 0, 0, 0, 0, 0, 0, 0, 9, 0, 0, 0, 6, 0, 0, 0, 10, 77, 97, 120, 32, 72, 101, 97, 108, 116, 104, 0, 1, 60, 0, 0, 0, 0, 0, 0, 0, 0, 0, 0, 0, 0, 20, 0, 0, 0, 0, 0, 0, 0, 0, 0, 0, 0, 0, 0, 0, 0, 0, 0, 0, 10, 0, 0, 0, 9, 0, 0, 0, 8, 77, 97, 120, 32, 77, 97, 110, 97, 0, 1, 60, 0, 0, 0, 0, 0, 0, 0, 0, 0, 0, 0, 0, 0, 0, 0, 0, 20, 0, 0, 0, 0, 0, 0, 0, 0, 0, 0, 0, 0, 0, 0, 11, 0, 0, 0, 12, 0, 0, 0, 16, 80, 104, 121, 115, 105, 99, 97, 108, 32, 68, 101, 102, 101, 110, 99, 101, 0, 1, 60, 0, 0, 0, 0, 0, 0, 0, 0, 0, 0, 0, 0, 0, 0, 0, 0, 0, 0, 0, 0, 0, 0, 0, 0, 0, 0, 0, 0, 0, 0, 0, 12, 0, 0, 0, 0, 0, 0, 0, 15, 72, 101, 97, 108, 116, 104, 32, 82, 101, 99, 111, 118, 101, 114, 121, 0, 1, 60, 0, 0, 0, 0, 0, 0, 0, 0, 0, 0, 0, 0, 0, 0, 0, 0, 0, 0, 0, 0, 0, 0, 0, 0, 0, 0, 20, 0, 0, 0, 0, 13, 0, 0, 0, 3, 0, 0, 0, 13, 77, 97, 110, 97, 32, 82, 101, 99, 111, 118, 101, 114, 121, 0, 1, 60, 0, 0, 0, 0, 0, 0, 0, 0, 0, 0, 0, 0, 0, 0, 0, 0, 0, 0, 0, 0, 0, 0, 0, 0, 0, 0, 0, 20, 0, 0, 0, 14, 0, 0, 0, 21, 0, 0, 0, 16, 71, 117, 105, 108, 100, 32, 72, 111, 117, 115, 101, 32, 82, 97, 116, 101, 0, 1, 60, 0, 0, 0, 0, 0, 0, 0, 0, 0, 0, 0, 0, 0, 0, 0, 0, 0, 0, 0, 0, 0, 0, 0, 0, 0, 0, 0, 0, 0, 0, 0, 15, 0, 0, 0, 18, 0, 0, 0, 15, 80, 104, 121, 115, 105, 99, 97, 108, 32, 68, 97, 109, 97, 103, 101, 0, 1, 60, 0, 0, 0, 0, 0, 0, 0, 0, 0, 0, 0, 0, 0, 0, 0, 0, 0, 0, 0, 0, 0, 0, 0, 0, 0, 0, 0, 0, 0, 0, 0, 16, 0, 0, 0, 15, 0, 0, 0, 13, 77, 97, 103, 105, 99, 32, 68, 101, 102, 101, 110, 99, 101, 0, 1, 60, 0, 0, 0, 0, 0, 0, 0, 0, 0, 0, 0, 0, 0, 0, 0, 0, 0, 0, 0, 0, 0, 0, 0, 0, 0, 0, 0, 0, 0, 0, 0, 
[2020/1/15 23:41:31]: --->发送服务端包字节信息: 28, 0, 124, 0, 112, 0, 0, 128, 3, 1, 0, 200, 104, 208, 0, 0, 0, 0, 0, 1, 0, 0, 0, 5, 0, 0, 0, 0, 
[2020/1/15 23:41:32]: --->发送服务端包Index: 78
[2020/1/15 23:41:32]: --->发送服务端包信息: ServerPackets.NPCResponse
[2020/1/15 23:41:32]: --->发送服务端包字节信息: 8, 0, 78, 0, 0, 0, 0, 0, 
[2020/1/15 23:41:32]: <---收到字节长度: 8
[2020/1/15 23:41:32]: <---收到客户端包Index: 26
[2020/1/15 23:41:32]: <---收到客户端包信息: ClientPackets.RefineCancel
[2020/1/15 23:41:32]: <---收到客户端包字节信息: 4, 0, 26, 0, 
[2020/1/15 23:41:32]: <---收到客户端包Index: 26
[2020/1/15 23:41:32]: <---收到客户端包信息: ClientPackets.RefineCancel
[2020/1/15 23:41:32]: <---收到客户端包字节信息: 4, 0, 26, 0, 
[2020/1/15 23:41:34]: <---收到字节长度: 5
[2020/1/15 23:41:34]: --->发送服务端包Index: 59
[2020/1/15 23:41:34]: --->发送服务端包信息: ServerPackets.ObjectMonster
[2020/1/15 23:41:34]: --->发送服务端包字节信息: 52, 0, 59, 0, 80, 6, 0, 0, 9, 83, 99, 97, 114, 101, 99, 114, 111, 119, 255, 255, 255, 255, 19, 1, 0, 0, 101, 2, 0, 0, 5, 0, 4, 0, 0, 0, 0, 0, 0, 0, 0, 0, 0, 0, 0, 0, 0, 0, 0, 0, 0, 0, 
[2020/1/15 23:41:34]: --->发送服务端包Index: 19
[2020/1/15 23:41:34]: --->发送服务端包信息: ServerPackets.UserLocation
[2020/1/15 23:41:34]: --->发送服务端包字节信息: 13, 0, 19, 0, 35, 1, 0, 0, 102, 2, 0, 0, 6, 
[2020/1/15 23:41:34]: <---收到字节长度: 12
[2020/1/15 23:41:35]: <---收到字节长度: 6
[2020/1/15 23:41:35]: <---收到客户端包Index: 38
[2020/1/15 23:41:35]: <---收到客户端包信息: ClientPackets.Attack
[2020/1/15 23:41:35]: <---收到客户端包字节信息: 6, 0, 38, 0, 2, 0, 
[2020/1/15 23:41:35]: --->发送服务端包Index: 19
[2020/1/15 23:41:35]: --->发送服务端包信息: ServerPackets.UserLocation
[2020/1/15 23:41:35]: --->发送服务端包字节信息: 13, 0, 19, 0, 35, 1, 0, 0, 102, 2, 0, 0, 2, 
[2020/1/15 23:41:35]: --->发送服务端包Index: 62
[2020/1/15 23:41:35]: --->发送服务端包信息: ServerPackets.ObjectStruck
[2020/1/15 23:41:35]: --->发送服务端包字节信息: 21, 0, 62, 0, 112, 6, 0, 0, 128, 3, 1, 0, 36, 1, 0, 0, 102, 2, 0, 0, 6, 
[2020/1/15 23:41:35]: --->发送服务端包Index: 63
[2020/1/15 23:41:35]: --->发送服务端包信息: ServerPackets.DamageIndicator
[2020/1/15 23:41:35]: --->发送服务端包字节信息: 13, 0, 63, 0, 253, 255, 255, 255, 0, 112, 6, 0, 0, 
[2020/1/15 23:41:35]: --->发送服务端包Index: 121
[2020/1/15 23:41:35]: --->发送服务端包信息: ServerPackets.ObjectHealth
[2020/1/15 23:41:35]: --->发送服务端包字节信息: 10, 0, 121, 0, 112, 6, 0, 0, 88, 5, 
[2020/1/15 23:41:36]: --->发送服务端包Index: 60
[2020/1/15 23:41:36]: --->发送服务端包信息: ServerPackets.ObjectAttack
[2020/1/15 23:41:36]: --->发送服务端包字节信息: 20, 0, 60, 0, 112, 6, 0, 0, 36, 1, 0, 0, 102, 2, 0, 0, 6, 0, 0, 0, 
[2020/1/15 23:41:36]: --->发送服务端包Index: 63
[2020/1/15 23:41:36]: --->发送服务端包信息: ServerPackets.DamageIndicator
[2020/1/15 23:41:36]: --->发送服务端包字节信息: 13, 0, 63, 0, 0, 0, 0, 0, 1, 128, 3, 1, 0, 
[2020/1/15 23:41:36]: --->发送服务端包Index: 21
[2020/1/15 23:41:36]: --->发送服务端包信息: ServerPackets.ObjectRemove
[2020/1/15 23:41:36]: --->发送服务端包字节信息: 8, 0, 21, 0, 116, 6, 0, 0, 
[2020/1/15 23:41:36]: <---收到字节长度: 6
[2020/1/15 23:41:36]: <---收到客户端包Index: 38
[2020/1/15 23:41:36]: <---收到客户端包信息: ClientPackets.Attack
[2020/1/15 23:41:36]: <---收到客户端包字节信息: 6, 0, 38, 0, 2, 0, 
[2020/1/15 23:41:36]: --->发送服务端包Index: 19
[2020/1/15 23:41:36]: --->发送服务端包信息: ServerPackets.UserLocation
[2020/1/15 23:41:36]: --->发送服务端包字节信息: 13, 0, 19, 0, 35, 1, 0, 0, 102, 2, 0, 0, 2, 
[2020/1/15 23:41:37]: --->发送服务端包Index: 62
[2020/1/15 23:41:37]: --->发送服务端包信息: ServerPackets.ObjectStruck
[2020/1/15 23:41:37]: --->发送服务端包字节信息: 21, 0, 62, 0, 112, 6, 0, 0, 128, 3, 1, 0, 36, 1, 0, 0, 102, 2, 0, 0, 6, 
[2020/1/15 23:41:37]: --->发送服务端包Index: 63
[2020/1/15 23:41:37]: --->发送服务端包信息: ServerPackets.DamageIndicator
[2020/1/15 23:41:37]: --->发送服务端包字节信息: 13, 0, 63, 0, 254, 255, 255, 255, 0, 112, 6, 0, 0, 
[2020/1/15 23:41:37]: --->发送服务端包Index: 121
[2020/1/15 23:41:37]: --->发送服务端包信息: ServerPackets.ObjectHealth
[2020/1/15 23:41:37]: --->发送服务端包字节信息: 10, 0, 121, 0, 112, 6, 0, 0, 80, 5, 
[2020/1/15 23:41:38]: <---收到字节长度: 6
[2020/1/15 23:41:38]: <---收到客户端包Index: 38
[2020/1/15 23:41:38]: <---收到客户端包信息: ClientPackets.Attack
[2020/1/15 23:41:38]: <---收到客户端包字节信息: 6, 0, 38, 0, 2, 0, 
[2020/1/15 23:41:38]: --->发送服务端包Index: 19
[2020/1/15 23:41:38]: --->发送服务端包信息: ServerPackets.UserLocation
[2020/1/15 23:41:38]: --->发送服务端包字节信息: 13, 0, 19, 0, 35, 1, 0, 0, 102, 2, 0, 0, 2, 
[2020/1/15 23:41:38]: --->发送服务端包Index: 63
[2020/1/15 23:41:38]: --->发送服务端包信息: ServerPackets.DamageIndicator
[2020/1/15 23:41:38]: --->发送服务端包字节信息: 13, 0, 63, 0, 0, 0, 0, 0, 1, 112, 6, 0, 0, 
[2020/1/15 23:41:38]: --->发送服务端包Index: 60
[2020/1/15 23:41:38]: --->发送服务端包信息: ServerPackets.ObjectAttack
[2020/1/15 23:41:38]: --->发送服务端包字节信息: 20, 0, 60, 0, 112, 6, 0, 0, 36, 1, 0, 0, 102, 2, 0, 0, 6, 0, 0, 0, 
[2020/1/15 23:41:38]: --->发送服务端包Index: 63
[2020/1/15 23:41:38]: --->发送服务端包信息: ServerPackets.DamageIndicator
[2020/1/15 23:41:38]: --->发送服务端包字节信息: 13, 0, 63, 0, 0, 0, 0, 0, 1, 128, 3, 1, 0, 
[2020/1/15 23:41:39]: <---收到字节长度: 6
[2020/1/15 23:41:39]: <---收到客户端包Index: 38
[2020/1/15 23:41:39]: <---收到客户端包信息: ClientPackets.Attack
[2020/1/15 23:41:39]: <---收到客户端包字节信息: 6, 0, 38, 0, 2, 0, 
[2020/1/15 23:41:39]: --->发送服务端包Index: 19
[2020/1/15 23:41:39]: --->发送服务端包信息: ServerPackets.UserLocation
[2020/1/15 23:41:39]: --->发送服务端包字节信息: 13, 0, 19, 0, 35, 1, 0, 0, 102, 2, 0, 0, 2, 
[2020/1/15 23:41:39]: --->发送服务端包Index: 62
[2020/1/15 23:41:39]: --->发送服务端包信息: ServerPackets.ObjectStruck
[2020/1/15 23:41:39]: --->发送服务端包字节信息: 21, 0, 62, 0, 112, 6, 0, 0, 128, 3, 1, 0, 36, 1, 0, 0, 102, 2, 0, 0, 6, 
[2020/1/15 23:41:39]: --->发送服务端包Index: 63
[2020/1/15 23:41:39]: --->发送服务端包信息: ServerPackets.DamageIndicator
[2020/1/15 23:41:39]: --->发送服务端包字节信息: 13, 0, 63, 0, 252, 255, 255, 255, 0, 112, 6, 0, 0, 
[2020/1/15 23:41:39]: --->发送服务端包Index: 121
[2020/1/15 23:41:39]: --->发送服务端包信息: ServerPackets.ObjectHealth
[2020/1/15 23:41:39]: --->发送服务端包字节信息: 10, 0, 121, 0, 112, 6, 0, 0, 64, 5, 
[2020/1/15 23:41:41]: <---收到字节长度: 6
[2020/1/15 23:41:41]: <---收到客户端包Index: 38
[2020/1/15 23:41:41]: <---收到客户端包信息: ClientPackets.Attack
[2020/1/15 23:41:41]: <---收到客户端包字节信息: 6, 0, 38, 0, 2, 0, 
[2020/1/15 23:41:41]: --->发送服务端包Index: 19
[2020/1/15 23:41:41]: --->发送服务端包信息: ServerPackets.UserLocation
[2020/1/15 23:41:41]: --->发送服务端包字节信息: 13, 0, 19, 0, 35, 1, 0, 0, 102, 2, 0, 0, 2, 
[2020/1/15 23:41:41]: --->发送服务端包Index: 62
[2020/1/15 23:41:41]: --->发送服务端包信息: ServerPackets.ObjectStruck
[2020/1/15 23:41:41]: --->发送服务端包字节信息: 21, 0, 62, 0, 112, 6, 0, 0, 128, 3, 1, 0, 36, 1, 0, 0, 102, 2, 0, 0, 6, 
[2020/1/15 23:41:41]: --->发送服务端包Index: 63
[2020/1/15 23:41:41]: --->发送服务端包信息: ServerPackets.DamageIndicator
[2020/1/15 23:41:41]: --->发送服务端包字节信息: 13, 0, 63, 0, 254, 255, 255, 255, 0, 112, 6, 0, 0, 
[2020/1/15 23:41:41]: --->发送服务端包Index: 121
[2020/1/15 23:41:41]: --->发送服务端包信息: ServerPackets.ObjectHealth
[2020/1/15 23:41:41]: --->发送服务端包字节信息: 10, 0, 121, 0, 112, 6, 0, 0, 56, 5, 
[2020/1/15 23:41:41]: --->发送服务端包Index: 60
[2020/1/15 23:41:41]: --->发送服务端包信息: ServerPackets.ObjectAttack
[2020/1/15 23:41:41]: --->发送服务端包字节信息: 20, 0, 60, 0, 112, 6, 0, 0, 36, 1, 0, 0, 102, 2, 0, 0, 6, 0, 0, 0, 
[2020/1/15 23:41:41]: --->发送服务端包Index: 63
[2020/1/15 23:41:41]: --->发送服务端包信息: ServerPackets.DamageIndicator
[2020/1/15 23:41:41]: --->发送服务端包字节信息: 13, 0, 63, 0, 0, 0, 0, 0, 1, 128, 3, 1, 0, 
[2020/1/15 23:41:41]: --->发送服务端包Index: 59
[2020/1/15 23:41:41]: --->发送服务端包信息: ServerPackets.ObjectMonster
[2020/1/15 23:41:41]: --->发送服务端包字节信息: 47, 0, 59, 0, 127, 6, 0, 0, 4, 68, 101, 101, 114, 255, 255, 255, 255, 45, 1, 0, 0, 86, 2, 0, 0, 4, 0, 4, 0, 2, 0, 0, 0, 0, 0, 0, 0, 0, 0, 0, 0, 0, 0, 0, 0, 0, 0, 
[2020/1/15 23:41:42]: --->发送服务端包Index: 64
[2020/1/15 23:41:42]: --->发送服务端包信息: ServerPackets.DuraChanged
[2020/1/15 23:41:42]: --->发送服务端包字节信息: 14, 0, 64, 0, 6, 0, 0, 0, 0, 0, 0, 0, 149, 15, 
[2020/1/15 23:41:42]: <---收到字节长度: 6
[2020/1/15 23:41:42]: <---收到客户端包Index: 38
[2020/1/15 23:41:42]: <---收到客户端包信息: ClientPackets.Attack
[2020/1/15 23:41:42]: <---收到客户端包字节信息: 6, 0, 38, 0, 2, 0, 
[2020/1/15 23:41:42]: --->发送服务端包Index: 19
[2020/1/15 23:41:42]: --->发送服务端包信息: ServerPackets.UserLocation
[2020/1/15 23:41:42]: --->发送服务端包字节信息: 13, 0, 19, 0, 35, 1, 0, 0, 102, 2, 0, 0, 2, 
[2020/1/15 23:41:42]: --->发送服务端包Index: 63
[2020/1/15 23:41:42]: --->发送服务端包信息: ServerPackets.DamageIndicator
[2020/1/15 23:41:42]: --->发送服务端包字节信息: 13, 0, 63, 0, 0, 0, 0, 0, 1, 112, 6, 0, 0, 
[2020/1/15 23:41:43]: <---收到字节长度: 6
[2020/1/15 23:41:43]: <---收到客户端包Index: 38
[2020/1/15 23:41:43]: <---收到客户端包信息: ClientPackets.Attack
[2020/1/15 23:41:43]: <---收到客户端包字节信息: 6, 0, 38, 0, 2, 0, 
[2020/1/15 23:41:43]: --->发送服务端包Index: 19
[2020/1/15 23:41:43]: --->发送服务端包信息: ServerPackets.UserLocation
[2020/1/15 23:41:43]: --->发送服务端包字节信息: 13, 0, 19, 0, 35, 1, 0, 0, 102, 2, 0, 0, 2, 
[2020/1/15 23:41:44]: --->发送服务端包Index: 60
[2020/1/15 23:41:44]: --->发送服务端包信息: ServerPackets.ObjectAttack
[2020/1/15 23:41:44]: --->发送服务端包字节信息: 20, 0, 60, 0, 112, 6, 0, 0, 36, 1, 0, 0, 102, 2, 0, 0, 6, 0, 0, 0, 
[2020/1/15 23:41:44]: --->发送服务端包Index: 63
[2020/1/15 23:41:44]: --->发送服务端包信息: ServerPackets.DamageIndicator
[2020/1/15 23:41:44]: --->发送服务端包字节信息: 13, 0, 63, 0, 0, 0, 0, 0, 1, 128, 3, 1, 0, 
[2020/1/15 23:41:44]: --->发送服务端包Index: 62
[2020/1/15 23:41:44]: --->发送服务端包信息: ServerPackets.ObjectStruck
[2020/1/15 23:41:44]: --->发送服务端包字节信息: 21, 0, 62, 0, 112, 6, 0, 0, 128, 3, 1, 0, 36, 1, 0, 0, 102, 2, 0, 0, 6, 
[2020/1/15 23:41:44]: --->发送服务端包Index: 63
[2020/1/15 23:41:44]: --->发送服务端包信息: ServerPackets.DamageIndicator
[2020/1/15 23:41:44]: --->发送服务端包字节信息: 13, 0, 63, 0, 253, 255, 255, 255, 0, 112, 6, 0, 0, 
[2020/1/15 23:41:44]: --->发送服务端包Index: 121
[2020/1/15 23:41:44]: --->发送服务端包信息: ServerPackets.ObjectHealth
[2020/1/15 23:41:44]: --->发送服务端包字节信息: 10, 0, 121, 0, 112, 6, 0, 0, 44, 5, 
[2020/1/15 23:41:44]: --->发送服务端包Index: 121
[2020/1/15 23:41:44]: --->发送服务端包信息: ServerPackets.ObjectHealth
[2020/1/15 23:41:44]: --->发送服务端包字节信息: 10, 0, 121, 0, 112, 6, 0, 0, 48, 5, 
[2020/1/15 23:41:45]: <---收到字节长度: 6
[2020/1/15 23:41:45]: <---收到客户端包Index: 38
[2020/1/15 23:41:45]: <---收到客户端包信息: ClientPackets.Attack
[2020/1/15 23:41:45]: <---收到客户端包字节信息: 6, 0, 38, 0, 2, 0, 
[2020/1/15 23:41:45]: --->发送服务端包Index: 19
[2020/1/15 23:41:45]: --->发送服务端包信息: ServerPackets.UserLocation
[2020/1/15 23:41:45]: --->发送服务端包字节信息: 13, 0, 19, 0, 35, 1, 0, 0, 102, 2, 0, 0, 2, 
[2020/1/15 23:41:45]: --->发送服务端包Index: 62
[2020/1/15 23:41:45]: --->发送服务端包信息: ServerPackets.ObjectStruck
[2020/1/15 23:41:45]: --->发送服务端包字节信息: 21, 0, 62, 0, 112, 6, 0, 0, 128, 3, 1, 0, 36, 1, 0, 0, 102, 2, 0, 0, 6, 
[2020/1/15 23:41:45]: --->发送服务端包Index: 63
[2020/1/15 23:41:45]: --->发送服务端包信息: ServerPackets.DamageIndicator
[2020/1/15 23:41:45]: --->发送服务端包字节信息: 13, 0, 63, 0, 252, 255, 255, 255, 0, 112, 6, 0, 0, 
[2020/1/15 23:41:45]: --->发送服务端包Index: 121
[2020/1/15 23:41:45]: --->发送服务端包信息: ServerPackets.ObjectHealth
[2020/1/15 23:41:45]: --->发送服务端包字节信息: 10, 0, 121, 0, 112, 6, 0, 0, 32, 5, 
[2020/1/15 23:41:46]: --->发送服务端包Index: 60
[2020/1/15 23:41:46]: --->发送服务端包信息: ServerPackets.ObjectAttack
[2020/1/15 23:41:46]: --->发送服务端包字节信息: 20, 0, 60, 0, 112, 6, 0, 0, 36, 1, 0, 0, 102, 2, 0, 0, 6, 0, 0, 0, 
[2020/1/15 23:41:46]: --->发送服务端包Index: 63
[2020/1/15 23:41:46]: --->发送服务端包信息: ServerPackets.DamageIndicator
[2020/1/15 23:41:46]: --->发送服务端包字节信息: 13, 0, 63, 0, 0, 0, 0, 0, 1, 128, 3, 1, 0, 
[2020/1/15 23:41:46]: <---收到字节长度: 6
[2020/1/15 23:41:46]: <---收到客户端包Index: 38
[2020/1/15 23:41:46]: <---收到客户端包信息: ClientPackets.Attack
[2020/1/15 23:41:46]: <---收到客户端包字节信息: 6, 0, 38, 0, 2, 0, 
[2020/1/15 23:41:46]: --->发送服务端包Index: 19
[2020/1/15 23:41:46]: --->发送服务端包信息: ServerPackets.UserLocation
[2020/1/15 23:41:46]: --->发送服务端包字节信息: 13, 0, 19, 0, 35, 1, 0, 0, 102, 2, 0, 0, 2, 
[2020/1/15 23:41:47]: --->发送服务端包Index: 63
[2020/1/15 23:41:47]: --->发送服务端包信息: ServerPackets.DamageIndicator
[2020/1/15 23:41:47]: --->发送服务端包字节信息: 13, 0, 63, 0, 0, 0, 0, 0, 1, 112, 6, 0, 0, 
[2020/1/15 23:41:47]: --->发送服务端包Index: 21
[2020/1/15 23:41:47]: --->发送服务端包信息: ServerPackets.ObjectRemove
[2020/1/15 23:41:47]: --->发送服务端包字节信息: 8, 0, 21, 0, 126, 6, 0, 0, 
[2020/1/15 23:41:48]: <---收到字节长度: 6
[2020/1/15 23:41:48]: <---收到客户端包Index: 38
[2020/1/15 23:41:48]: <---收到客户端包信息: ClientPackets.Attack
[2020/1/15 23:41:48]: <---收到客户端包字节信息: 6, 0, 38, 0, 2, 0, 
[2020/1/15 23:41:48]: --->发送服务端包Index: 19
[2020/1/15 23:41:48]: --->发送服务端包信息: ServerPackets.UserLocation
[2020/1/15 23:41:48]: --->发送服务端包字节信息: 13, 0, 19, 0, 35, 1, 0, 0, 102, 2, 0, 0, 2, 
[2020/1/15 23:41:48]: --->发送服务端包Index: 62
[2020/1/15 23:41:48]: --->发送服务端包信息: ServerPackets.ObjectStruck
[2020/1/15 23:41:48]: --->发送服务端包字节信息: 21, 0, 62, 0, 112, 6, 0, 0, 128, 3, 1, 0, 36, 1, 0, 0, 102, 2, 0, 0, 6, 
[2020/1/15 23:41:48]: --->发送服务端包Index: 63
[2020/1/15 23:41:48]: --->发送服务端包信息: ServerPackets.DamageIndicator
[2020/1/15 23:41:48]: --->发送服务端包字节信息: 13, 0, 63, 0, 253, 255, 255, 255, 0, 112, 6, 0, 0, 
[2020/1/15 23:41:48]: --->发送服务端包Index: 121
[2020/1/15 23:41:48]: --->发送服务端包信息: ServerPackets.ObjectHealth
[2020/1/15 23:41:48]: --->发送服务端包字节信息: 10, 0, 121, 0, 112, 6, 0, 0, 20, 5, 
[2020/1/15 23:41:49]: --->发送服务端包Index: 60
[2020/1/15 23:41:49]: --->发送服务端包信息: ServerPackets.ObjectAttack
[2020/1/15 23:41:49]: --->发送服务端包字节信息: 20, 0, 60, 0, 112, 6, 0, 0, 36, 1, 0, 0, 102, 2, 0, 0, 6, 0, 0, 0, 
[2020/1/15 23:41:49]: --->发送服务端包Index: 63
[2020/1/15 23:41:49]: --->发送服务端包信息: ServerPackets.DamageIndicator
[2020/1/15 23:41:49]: --->发送服务端包字节信息: 13, 0, 63, 0, 0, 0, 0, 0, 1, 128, 3, 1, 0, 
[2020/1/15 23:41:49]: <---收到字节长度: 6
[2020/1/15 23:41:49]: <---收到客户端包Index: 38
[2020/1/15 23:41:49]: <---收到客户端包信息: ClientPackets.Attack
[2020/1/15 23:41:49]: <---收到客户端包字节信息: 6, 0, 38, 0, 2, 0, 
[2020/1/15 23:41:49]: --->发送服务端包Index: 19
[2020/1/15 23:41:49]: --->发送服务端包信息: ServerPackets.UserLocation
[2020/1/15 23:41:49]: --->发送服务端包字节信息: 13, 0, 19, 0, 35, 1, 0, 0, 102, 2, 0, 0, 2, 
[2020/1/15 23:41:49]: --->发送服务端包Index: 63
[2020/1/15 23:41:49]: --->发送服务端包信息: ServerPackets.DamageIndicator
[2020/1/15 23:41:49]: --->发送服务端包字节信息: 13, 0, 63, 0, 0, 0, 0, 0, 1, 112, 6, 0, 0, 
[2020/1/15 23:41:50]: <---收到字节长度: 6
[2020/1/15 23:41:50]: <---收到客户端包Index: 38
[2020/1/15 23:41:50]: <---收到客户端包信息: ClientPackets.Attack
[2020/1/15 23:41:50]: <---收到客户端包字节信息: 6, 0, 38, 0, 2, 0, 
[2020/1/15 23:41:50]: --->发送服务端包Index: 19
[2020/1/15 23:41:50]: --->发送服务端包信息: ServerPackets.UserLocation
[2020/1/15 23:41:50]: --->发送服务端包字节信息: 13, 0, 19, 0, 35, 1, 0, 0, 102, 2, 0, 0, 2, 
[2020/1/15 23:41:51]: --->发送服务端包Index: 62
[2020/1/15 23:41:51]: --->发送服务端包信息: ServerPackets.ObjectStruck
[2020/1/15 23:41:51]: --->发送服务端包字节信息: 21, 0, 62, 0, 112, 6, 0, 0, 128, 3, 1, 0, 36, 1, 0, 0, 102, 2, 0, 0, 6, 
[2020/1/15 23:41:51]: --->发送服务端包Index: 63
[2020/1/15 23:41:51]: --->发送服务端包信息: ServerPackets.DamageIndicator
[2020/1/15 23:41:51]: --->发送服务端包字节信息: 13, 0, 63, 0, 254, 255, 255, 255, 0, 112, 6, 0, 0, 
[2020/1/15 23:41:51]: --->发送服务端包Index: 121
[2020/1/15 23:41:51]: --->发送服务端包信息: ServerPackets.ObjectHealth
[2020/1/15 23:41:51]: --->发送服务端包字节信息: 10, 0, 121, 0, 112, 6, 0, 0, 12, 5, 
[2020/1/15 23:41:51]: --->发送服务端包Index: 60
[2020/1/15 23:41:51]: --->发送服务端包信息: ServerPackets.ObjectAttack
[2020/1/15 23:41:51]: --->发送服务端包字节信息: 20, 0, 60, 0, 112, 6, 0, 0, 36, 1, 0, 0, 102, 2, 0, 0, 6, 0, 0, 0, 
[2020/1/15 23:41:51]: --->发送服务端包Index: 63
[2020/1/15 23:41:51]: --->发送服务端包信息: ServerPackets.DamageIndicator
[2020/1/15 23:41:51]: --->发送服务端包字节信息: 13, 0, 63, 0, 0, 0, 0, 0, 1, 128, 3, 1, 0, 
[2020/1/15 23:41:52]: --->发送服务端包Index: 64
[2020/1/15 23:41:52]: --->发送服务端包信息: ServerPackets.DuraChanged
[2020/1/15 23:41:52]: --->发送服务端包字节信息: 14, 0, 64, 0, 6, 0, 0, 0, 0, 0, 0, 0, 143, 15, 
[2020/1/15 23:41:52]: <---收到字节长度: 6
[2020/1/15 23:41:52]: <---收到客户端包Index: 38
[2020/1/15 23:41:52]: <---收到客户端包信息: ClientPackets.Attack
[2020/1/15 23:41:52]: <---收到客户端包字节信息: 6, 0, 38, 0, 2, 0, 
[2020/1/15 23:41:52]: --->发送服务端包Index: 19
[2020/1/15 23:41:52]: --->发送服务端包信息: ServerPackets.UserLocation
[2020/1/15 23:41:52]: --->发送服务端包字节信息: 13, 0, 19, 0, 35, 1, 0, 0, 102, 2, 0, 0, 2, 
[2020/1/15 23:41:52]: --->发送服务端包Index: 62
[2020/1/15 23:41:52]: --->发送服务端包信息: ServerPackets.ObjectStruck
[2020/1/15 23:41:52]: --->发送服务端包字节信息: 21, 0, 62, 0, 112, 6, 0, 0, 128, 3, 1, 0, 36, 1, 0, 0, 102, 2, 0, 0, 6, 
[2020/1/15 23:41:52]: --->发送服务端包Index: 63
[2020/1/15 23:41:52]: --->发送服务端包信息: ServerPackets.DamageIndicator
[2020/1/15 23:41:52]: --->发送服务端包字节信息: 13, 0, 63, 0, 254, 255, 255, 255, 0, 112, 6, 0, 0, 
[2020/1/15 23:41:52]: --->发送服务端包Index: 121
[2020/1/15 23:41:52]: --->发送服务端包信息: ServerPackets.ObjectHealth
[2020/1/15 23:41:52]: --->发送服务端包字节信息: 10, 0, 121, 0, 112, 6, 0, 0, 4, 5, 
[2020/1/15 23:41:53]: <---收到字节长度: 6
[2020/1/15 23:41:53]: <---收到客户端包Index: 38
[2020/1/15 23:41:53]: <---收到客户端包信息: ClientPackets.Attack
[2020/1/15 23:41:53]: <---收到客户端包字节信息: 6, 0, 38, 0, 2, 0, 
[2020/1/15 23:41:53]: --->发送服务端包Index: 19
[2020/1/15 23:41:53]: --->发送服务端包信息: ServerPackets.UserLocation
[2020/1/15 23:41:53]: --->发送服务端包字节信息: 13, 0, 19, 0, 35, 1, 0, 0, 102, 2, 0, 0, 2, 
[2020/1/15 23:41:54]: --->发送服务端包Index: 60
[2020/1/15 23:41:54]: --->发送服务端包信息: ServerPackets.ObjectAttack
[2020/1/15 23:41:54]: --->发送服务端包字节信息: 20, 0, 60, 0, 112, 6, 0, 0, 36, 1, 0, 0, 102, 2, 0, 0, 6, 0, 0, 0, 
[2020/1/15 23:41:54]: --->发送服务端包Index: 63
[2020/1/15 23:41:54]: --->发送服务端包信息: ServerPackets.DamageIndicator
[2020/1/15 23:41:54]: --->发送服务端包字节信息: 13, 0, 63, 0, 0, 0, 0, 0, 1, 128, 3, 1, 0, 
[2020/1/15 23:41:54]: --->发送服务端包Index: 62
[2020/1/15 23:41:54]: --->发送服务端包信息: ServerPackets.ObjectStruck
[2020/1/15 23:41:54]: --->发送服务端包字节信息: 21, 0, 62, 0, 112, 6, 0, 0, 128, 3, 1, 0, 36, 1, 0, 0, 102, 2, 0, 0, 6, 
[2020/1/15 23:41:54]: --->发送服务端包Index: 63
[2020/1/15 23:41:54]: --->发送服务端包信息: ServerPackets.DamageIndicator
[2020/1/15 23:41:54]: --->发送服务端包字节信息: 13, 0, 63, 0, 254, 255, 255, 255, 0, 112, 6, 0, 0, 
[2020/1/15 23:41:54]: --->发送服务端包Index: 68
[2020/1/15 23:41:54]: --->发送服务端包信息: ServerPackets.ObjectDied
[2020/1/15 23:41:54]: --->发送服务端包字节信息: 18, 0, 68, 0, 112, 6, 0, 0, 36, 1, 0, 0, 102, 2, 0, 0, 6, 0, 
[2020/1/15 23:41:54]: --->发送服务端包Index: 72
[2020/1/15 23:41:54]: --->发送服务端包信息: ServerPackets.GainExperience
[2020/1/15 23:41:54]: --->发送服务端包字节信息: 8, 0, 72, 0, 15, 0, 0, 0, 
[2020/1/15 23:41:54]: --->发送服务端包Index: 121
[2020/1/15 23:41:54]: --->发送服务端包信息: ServerPackets.ObjectHealth
[2020/1/15 23:41:54]: --->发送服务端包字节信息: 10, 0, 121, 0, 112, 6, 0, 0, 0, 5, 
[2020/1/15 23:41:58]: <---收到字节长度: 12
[2020/1/15 23:42:02]: --->发送服务端包Index: 64
[2020/1/15 23:42:02]: --->发送服务端包信息: ServerPackets.DuraChanged
[2020/1/15 23:42:02]: --->发送服务端包字节信息: 14, 0, 64, 0, 6, 0, 0, 0, 0, 0, 0, 0, 138, 15, 
[2020/1/15 23:42:04]: <---收到字节长度: 12
[2020/1/15 23:42:05]: test1 Has logged out. Reason: User gone missing / disconnected