[2019/12/9 23:46:12]: --->发送服务端包Index: 18
[2019/12/9 23:46:12]: --->发送服务端包信息: ServerPackets.UserInformation
[2019/12/9 23:46:12]: --->发送服务端包字节信息: 157, 1, 18, 0, 128, 3, 1, 0, 1, 0, 0, 0, 6, 99, 99, 99, 99, 99, 99, 0, 0, 255, 255, 255, 255, 1, 1, 1, 0, 28, 1, 0, 0, 96, 2, 0, 0, 1, 8, 15, 0, 17, 0, 0, 0, 0, 0, 0, 0, 0, 0, 100, 0, 0, 0, 0, 0, 0, 0, 0, 1, 46, 0, 0, 0, 1, 3, 0, 0, 0, 0, 0, 0, 0, 146, 2, 0, 0, 0, 0, 0, 0, 1, 0, 0, 0, 0, 0, 0, 0, 0, 0, 0, 0, 0, 0, 0, 255, 255, 255, 255, 0, 0, 0, 0, 0, 0, 0, 0, 0, 0, 0, 0, 0, 0, 0, 0, 0, 0, 0, 0, 0, 0, 1, 5, 0, 0, 0, 0, 0, 0, 0, 235, 4, 0, 0, 0, 0, 0, 0, 1, 0, 0, 0, 0, 0, 0, 0, 0, 0, 0, 0, 0, 0, 0, 255, 255, 255, 255, 0, 0, 0, 0, 0, 0, 0, 0, 0, 0, 0, 0, 0, 0, 0, 0, 0, 0, 0, 0, 0, 0, 0, 1, 4, 0, 0, 0, 0, 0, 0, 0, 210, 2, 0, 0, 54, 31, 64, 31, 1, 0, 0, 0, 0, 0, 0, 0, 0, 0, 0, 0, 0, 0, 0, 255, 255, 255, 255, 0, 0, 0, 0, 0, 0, 0, 0, 0, 0, 0, 0, 0, 0, 0, 0, 0, 0, 0, 0, 0, 0, 0, 0, 0, 0, 0, 0, 0, 0, 0, 1, 14, 0, 0, 0, 1, 1, 0, 0, 0, 0, 0, 0, 0, 221, 0, 0, 0, 160, 15, 160, 15, 1, 0, 0, 0, 0, 0, 0, 0, 0, 0, 0, 0, 0, 0, 0, 255, 255, 255, 255, 0, 0, 0, 0, 0, 0, 0, 0, 0, 0, 0, 1, 2, 0, 0, 0, 0, 0, 0, 0, 62, 1, 0, 0, 136, 19, 136, 19, 1, 0, 0, 0, 0, 0, 0, 0, 0, 0, 0, 0, 0, 0, 0, 255, 255, 255, 255, 0, 0, 0, 0, 0, 0, 0, 0, 0, 0, 0, 0, 0, 0, 0, 0, 0, 0, 0, 0, 0, 0, 0, 1, 40, 0, 0, 0, 0, 0, 0, 0, 0, 0, 0, 0, 0, 0, 0, 0, 0, 0, 0, 0, 0, 0, 0, 0, 0, 0, 0, 0, 0, 0, 0, 0, 0, 0, 0, 0, 0, 0, 0, 0, 0, 0, 0, 0, 0, 0, 0, 0, 0, 0, 0, 0, 

[2019/12/10 21:32:05]: --->发送服务端包Index: 21
[2019/12/10 21:32:05]: --->发送服务端包信息: ServerPackets.ObjectRemove
[2019/12/10 21:32:05]: --->发送服务端包字节信息: 8, 0, 21, 0, 214, 5, 0, 0, 
[2019/12/10 21:32:05]: --->发送服务端包Index: 210
[2019/12/10 21:32:05]: --->发送服务端包信息: ServerPackets.UpdateIntelligentCreatureList
[2019/12/10 21:32:05]: --->发送服务端包字节信息: 14, 0, 210, 0, 0, 0, 0, 0, 0, 99, 0, 0, 0, 0, 
[2019/12/10 21:32:06]: --->发送服务端包Index: 23
[2019/12/10 21:32:06]: --->发送服务端包信息: ServerPackets.ObjectWalk
[2019/12/10 21:32:06]: --->发送服务端包字节信息: 17, 0, 23, 0, 113, 6, 0, 0, 39, 1, 0, 0, 86, 2, 0, 0, 1, 
[2019/12/10 21:32:06]: --->发送服务端包Index: 210
[2019/12/10 21:32:06]: --->发送服务端包信息: ServerPackets.UpdateIntelligentCreatureList
[2019/12/10 21:32:06]: --->发送服务端包字节信息: 14, 0, 210, 0, 0, 0, 0, 0, 0, 99, 0, 0, 0, 0, 
[2019/12/10 21:32:07]: --->发送服务端包Index: 23
[2019/12/10 21:32:07]: --->发送服务端包信息: ServerPackets.ObjectWalk
[2019/12/10 21:32:07]: --->发送服务端包字节信息: 17, 0, 23, 0, 56, 6, 0, 0, 14, 1, 0, 0, 111, 2, 0, 0, 3, 
[2019/12/10 21:32:07]: --->发送服务端包Index: 23
[2019/12/10 21:32:07]: --->发送服务端包信息: ServerPackets.ObjectWalk
[2019/12/10 21:32:07]: --->发送服务端包字节信息: 17, 0, 23, 0, 78, 6, 0, 0, 12, 1, 0, 0, 100, 2, 0, 0, 0, 
[2019/12/10 21:32:07]: --->发送服务端包Index: 210
[2019/12/10 21:32:07]: --->发送服务端包信息: ServerPackets.UpdateIntelligentCreatureList
[2019/12/10 21:32:07]: --->发送服务端包字节信息: 14, 0, 210, 0, 0, 0, 0, 0, 0, 99, 0, 0, 0, 0, 
[2019/12/10 21:32:08]: --->发送服务端包Index: 22
[2019/12/10 21:32:08]: --->发送服务端包信息: ServerPackets.ObjectTurn
[2019/12/10 21:32:08]: --->发送服务端包字节信息: 17, 0, 22, 0, 221, 5, 0, 0, 22, 1, 0, 0, 89, 2, 0, 0, 4, 
[2019/12/10 21:32:08]: --->发送服务端包Index: 210
[2019/12/10 21:32:08]: --->发送服务端包信息: ServerPackets.UpdateIntelligentCreatureList
[2019/12/10 21:32:08]: --->发送服务端包字节信息: 14, 0, 210, 0, 0, 0, 0, 0, 0, 99, 0, 0, 0, 0, 
[2019/12/10 21:32:08]: <---收到字节长度: 5
[2019/12/10 21:32:08]: <---收到客户端包Index: 11
[2019/12/10 21:32:08]: <---收到客户端包信息: ClientPackets.Walk
[2019/12/10 21:32:08]: <---收到客户端包字节信息: 5, 0, 11, 0, 2, 
[2019/12/10 21:32:08]: --->发送服务端包Index: 19
[2019/12/10 21:32:08]: --->发送服务端包信息: ServerPackets.UserLocation
[2019/12/10 21:32:08]: --->发送服务端包字节信息: 13, 0, 19, 0, 26, 1, 0, 0, 98, 2, 0, 0, 2, 
[2019/12/10 21:32:09]: --->发送服务端包Index: 210
[2019/12/10 21:32:09]: --->发送服务端包信息: ServerPackets.UpdateIntelligentCreatureList
[2019/12/10 21:32:09]: --->发送服务端包字节信息: 14, 0, 210, 0, 0, 0, 0, 0, 0, 99, 0, 0, 0, 0, 
[2019/12/10 21:32:09]: <---收到字节长度: 5
[2019/12/10 21:32:09]: <---收到客户端包Index: 12
[2019/12/10 21:32:09]: <---收到客户端包信息: ClientPackets.Run
[2019/12/10 21:32:09]: <---收到客户端包字节信息: 5, 0, 12, 0, 0, 
[2019/12/10 21:32:09]: --->发送服务端包Index: 59
[2019/12/10 21:32:09]: --->发送服务端包信息: ServerPackets.ObjectMonster
[2019/12/10 21:32:09]: --->发送服务端包字节信息: 55, 0, 59, 0, 64, 7, 0, 0, 12, 67, 104, 101, 115, 116, 110, 117, 116, 84, 114, 101, 101, 255, 255, 255, 255, 40, 1, 0, 0, 80, 2, 0, 0, 13, 0, 0, 0, 3, 0, 0, 0, 0, 0, 0, 0, 0, 0, 0, 0, 0, 0, 0, 0, 0, 0, 
[2019/12/10 21:32:09]: --->发送服务端包Index: 59
[2019/12/10 21:32:09]: --->发送服务端包信息: ServerPackets.ObjectMonster
[2019/12/10 21:32:09]: --->发送服务端包字节信息: 47, 0, 59, 0, 50, 6, 0, 0, 4, 68, 101, 101, 114, 255, 255, 255, 255, 11, 1, 0, 0, 81, 2, 0, 0, 4, 0, 6, 0, 2, 0, 0, 0, 0, 0, 0, 0, 0, 0, 0, 0, 0, 0, 0, 0, 0, 0, 
[2019/12/10 21:32:09]: --->发送服务端包Index: 59
[2019/12/10 21:32:09]: --->发送服务端包信息: ServerPackets.ObjectMonster
[2019/12/10 21:32:09]: --->发送服务端包字节信息: 47, 0, 59, 0, 169, 5, 0, 0, 4, 68, 101, 101, 114, 255, 255, 255, 255, 38, 1, 0, 0, 81, 2, 0, 0, 4, 0, 6, 0, 2, 0, 0, 0, 0, 0, 0, 0, 0, 0, 0, 0, 0, 0, 0, 0, 0, 0, 
[2019/12/10 21:32:09]: --->发送服务端包Index: 19
[2019/12/10 21:32:09]: --->发送服务端包信息: ServerPackets.UserLocation
[2019/12/10 21:32:09]: --->发送服务端包字节信息: 13, 0, 19, 0, 26, 1, 0, 0, 96, 2, 0, 0, 0, 
[2019/12/10 21:32:10]: <---收到字节长度: 5
[2019/12/10 21:32:10]: <---收到客户端包Index: 12
[2019/12/10 21:32:10]: <---收到客户端包信息: ClientPackets.Run
[2019/12/10 21:32:10]: <---收到客户端包字节信息: 5, 0, 12, 0, 7, 
[2019/12/10 21:32:10]: --->发送服务端包Index: 21
[2019/12/10 21:32:10]: --->发送服务端包信息: ServerPackets.ObjectRemove
[2019/12/10 21:32:10]: --->发送服务端包字节信息: 8, 0, 21, 0, 149, 8, 0, 0, 
[2019/12/10 21:32:10]: --->发送服务端包Index: 21
[2019/12/10 21:32:10]: --->发送服务端包信息: ServerPackets.ObjectRemove
[2019/12/10 21:32:10]: --->发送服务端包字节信息: 8, 0, 21, 0, 56, 6, 0, 0, 
[2019/12/10 21:32:10]: --->发送服务端包Index: 21
[2019/12/10 21:32:10]: --->发送服务端包信息: ServerPackets.ObjectRemove
[2019/12/10 21:32:10]: --->发送服务端包字节信息: 8, 0, 21, 0, 43, 6, 0, 0, 
[2019/12/10 21:32:10]: --->发送服务端包Index: 21
[2019/12/10 21:32:10]: --->发送服务端包信息: ServerPackets.ObjectRemove
[2019/12/10 21:32:10]: --->发送服务端包字节信息: 8, 0, 21, 0, 5, 0, 0, 0, 
[2019/12/10 21:32:10]: --->发送服务端包Index: 59
[2019/12/10 21:32:10]: --->发送服务端包信息: ServerPackets.ObjectMonster
[2019/12/10 21:32:10]: --->发送服务端包字节信息: 52, 0, 59, 0, 92, 6, 0, 0, 9, 83, 99, 97, 114, 101, 99, 114, 111, 119, 255, 255, 255, 255, 13, 1, 0, 0, 78, 2, 0, 0, 5, 0, 7, 0, 0, 0, 0, 0, 0, 0, 0, 0, 0, 0, 0, 0, 0, 0, 0, 0, 0, 0, 
[2019/12/10 21:32:10]: --->发送服务端包Index: 59
[2019/12/10 21:32:10]: --->发送服务端包信息: ServerPackets.ObjectMonster
[2019/12/10 21:32:10]: --->发送服务端包字节信息: 47, 0, 59, 0, 214, 5, 0, 0, 4, 68, 101, 101, 114, 255, 255, 255, 255, 8, 1, 0, 0, 100, 2, 0, 0, 4, 0, 2, 0, 2, 0, 0, 0, 0, 0, 0, 0, 0, 0, 0, 0, 0, 0, 0, 0, 0, 0, 
[2019/12/10 21:32:10]: --->发送服务端包Index: 19
[2019/12/10 21:32:10]: --->发送服务端包信息: ServerPackets.UserLocation
[2019/12/10 21:32:10]: --->发送服务端包字节信息: 13, 0, 19, 0, 24, 1, 0, 0, 94, 2, 0, 0, 7, 
[2019/12/10 21:32:10]: --->发送服务端包Index: 23
[2019/12/10 21:32:10]: --->发送服务端包信息: ServerPackets.ObjectWalk
[2019/12/10 21:32:10]: --->发送服务端包字节信息: 17, 0, 23, 0, 113, 6, 0, 0, 40, 1, 0, 0, 85, 2, 0, 0, 1, 
[2019/12/10 21:32:10]: --->发送服务端包Index: 210
[2019/12/10 21:32:10]: --->发送服务端包信息: ServerPackets.UpdateIntelligentCreatureList
[2019/12/10 21:32:10]: --->发送服务端包字节信息: 14, 0, 210, 0, 0, 0, 0, 0, 0, 99, 0, 0, 0, 0, 
[2019/12/10 21:32:10]: --->发送服务端包Index: 22
[2019/12/10 21:32:10]: --->发送服务端包信息: ServerPackets.ObjectTurn
[2019/12/10 21:32:10]: --->发送服务端包字节信息: 17, 0, 22, 0, 46, 6, 0, 0, 23, 1, 0, 0, 94, 2, 0, 0, 4, 