[2020/1/30 18:10:34]: --->发送服务端包Index: 0
[2020/1/30 18:10:34]: --->发送服务端包信息: ServerPackets.Connected
[2020/1/30 18:10:34]: --->发送服务端包字节信息: 4, 0, 0, 0, 
[2020/1/30 18:10:34]: <---收到字节长度: 24
[2020/1/30 18:10:34]: <---收到客户端包Index: 0
[2020/1/30 18:10:34]: <---收到客户端包信息: ClientPackets.ClientVersion
[2020/1/30 18:10:34]: <---收到客户端包字节信息: 24, 0, 0, 0, 16, 0, 0, 0, 203, 54, 215, 104, 134, 241, 24, 215, 140, 196, 200, 132, 127, 220, 66, 144, 
[2020/1/30 18:10:34]: 1, 127.0.0.1, Client version matched.
[2020/1/30 18:10:34]: --->发送服务端包Index: 1
[2020/1/30 18:10:34]: --->发送服务端包信息: ServerPackets.ClientVersion
[2020/1/30 18:10:34]: --->发送服务端包字节信息: 5, 0, 1, 0, 1, 
[2020/1/30 18:10:36]: <---收到字节长度: 16
[2020/1/30 18:10:36]: <---收到客户端包Index: 5
[2020/1/30 18:10:36]: <---收到客户端包信息: ClientPackets.Login
[2020/1/30 18:10:36]: <---收到客户端包字节信息: 16, 0, 5, 0, 5, 116, 101, 115, 116, 49, 5, 116, 101, 115, 116, 49, 
[2020/1/30 18:10:36]: 1, 127.0.0.1, User logging in.
[2020/1/30 18:10:36]: 1, 127.0.0.1, User logged in.
[2020/1/30 18:10:36]: --->发送服务端包Index: 9
[2020/1/30 18:10:36]: --->发送服务端包信息: ServerPackets.LoginSuccess
[2020/1/30 18:10:36]: --->发送服务端包字节信息: 32, 0, 9, 0, 1, 0, 0, 0, 1, 0, 0, 0, 7, 232, 140, 131, 233, 151, 178, 49, 50, 0, 0, 0, 142, 77, 109, 88, 85, 165, 215, 136, 
[2020/1/30 18:10:39]: <---收到字节长度: 8
[2020/1/30 18:10:39]: <---收到客户端包Index: 8
[2020/1/30 18:10:39]: <---收到客户端包信息: ClientPackets.StartGame
[2020/1/30 18:10:39]: <---收到客户端包字节信息: 8, 0, 8, 0, 1, 0, 0, 0, 
[2020/1/30 18:10:39]: 范闲1 is now a GM
[2020/1/30 18:10:39]: 范闲1 has connected.
[2020/1/30 18:10:39]: --->发送服务端包Index: 184
[2020/1/30 18:10:39]: --->发送服务端包信息: ServerPackets.SetConcentration
[2020/1/30 18:10:39]: --->发送服务端包字节信息: 10, 0, 184, 0, 128, 3, 1, 0, 0, 0, 
[2020/1/30 18:10:39]: --->发送服务端包Index: 14
[2020/1/30 18:10:39]: --->发送服务端包信息: ServerPackets.StartGame
[2020/1/30 18:10:39]: --->发送服务端包字节信息: 9, 0, 14, 0, 4, 0, 4, 0, 0, 
[2020/1/30 18:10:39]: --->发送服务端包Index: 25
[2020/1/30 18:10:39]: --->发送服务端包信息: ServerPackets.Chat
[2020/1/30 18:10:39]: --->发送服务端包字节信息: 53, 0, 25, 0, 47, 87, 101, 108, 99, 111, 109, 101, 32, 116, 111, 32, 116, 104, 101, 32, 76, 101, 103, 101, 110, 100, 32, 111, 102, 32, 76, 101, 103, 101, 110, 100, 32, 111, 102, 32, 77, 105, 114, 50, 32, 83, 101, 114, 118, 101, 114, 46, 3, 
[2020/1/30 18:10:39]: --->发送服务端包Index: 27
[2020/1/30 18:10:39]: --->发送服务端包信息: ServerPackets.NewItemInfo
[2020/1/30 18:10:39]: --->发送服务端包字节信息: 95, 0, 27, 0, 146, 2, 0, 0, 13, 40, 72, 80, 41, 68, 114, 117, 103, 83, 109, 97, 108, 108, 13, 0, 0, 31, 3, 0, 0, 0, 1, 0, 0, 142, 1, 0, 0, 20, 0, 0, 0, 40, 0, 0, 0, 0, 0, 0, 0, 0, 0, 0, 0, 0, 0, 30, 0, 0, 0, 0, 0, 0, 0, 1, 0, 0, 0, 0, 0, 0, 0, 0, 0, 0, 0, 0, 0, 0, 0, 0, 0, 0, 0, 0, 0, 0, 0, 0, 0, 6, 0, 0, 0, 1, 0, 
[2020/1/30 18:10:39]: --->发送服务端包Index: 27
[2020/1/30 18:10:39]: --->发送服务端包信息: ServerPackets.NewItemInfo
[2020/1/30 18:10:39]: --->发送服务端包字节信息: 147, 0, 27, 0, 235, 4, 0, 0, 16, 84, 101, 115, 116, 83, 101, 114, 118, 101, 114, 83, 99, 114, 111, 108, 108, 21, 4, 0, 31, 3, 0, 1, 0, 1, 0, 0, 254, 6, 0, 0, 1, 0, 0, 0, 0, 0, 0, 0, 0, 0, 0, 0, 0, 0, 0, 0, 0, 0, 0, 0, 0, 0, 0, 0, 0, 0, 1, 0, 0, 0, 0, 0, 0, 0, 0, 0, 0, 0, 0, 0, 0, 0, 0, 0, 0, 0, 0, 23, 0, 0, 0, 0, 0, 0, 0, 0, 1, 49, 66, 97, 115, 105, 99, 32, 84, 101, 115, 116, 32, 83, 101, 114, 118, 101, 114, 32, 83, 99, 114, 111, 108, 108, 32, 119, 104, 105, 99, 104, 32, 103, 105, 118, 101, 115, 32, 105, 110, 102, 111, 114, 109, 97, 116, 105, 111, 110, 46, 
[2020/1/30 18:10:39]: --->发送服务端包Index: 27
[2020/1/30 18:10:39]: --->发送服务端包信息: ServerPackets.NewItemInfo
[2020/1/30 18:10:39]: --->发送服务端包字节信息: 93, 0, 27, 0, 221, 0, 0, 0, 11, 87, 111, 111, 100, 101, 110, 83, 119, 111, 114, 100, 1, 1, 0, 7, 3, 0, 0, 0, 4, 0, 1, 30, 0, 160, 15, 1, 0, 0, 0, 50, 0, 0, 0, 0, 0, 0, 0, 2, 4, 0, 0, 0, 0, 0, 0, 0, 0, 0, 0, 0, 0, 1, 0, 0, 0, 0, 0, 0, 0, 0, 0, 0, 0, 0, 0, 0, 0, 0, 0, 0, 0, 0, 0, 0, 0, 0, 0, 0, 1, 0, 1, 1, 0, 
[2020/1/30 18:10:39]: --->发送服务端包Index: 27
[2020/1/30 18:10:39]: --->发送服务端包信息: ServerPackets.NewItemInfo
[2020/1/30 18:10:39]: --->发送服务端包字节信息: 88, 0, 27, 0, 210, 2, 0, 0, 6, 67, 97, 110, 100, 108, 101, 12, 0, 0, 31, 3, 0, 0, 0, 1, 38, 0, 130, 0, 64, 31, 1, 0, 0, 0, 10, 0, 0, 0, 0, 0, 0, 0, 0, 0, 0, 0, 0, 0, 0, 0, 0, 0, 0, 0, 0, 0, 1, 0, 0, 0, 0, 0, 0, 0, 0, 0, 0, 0, 0, 0, 0, 0, 0, 0, 0, 0, 0, 0, 0, 0, 0, 0, 6, 0, 0, 0, 1, 0, 
[2020/1/30 18:10:39]: --->发送服务端包Index: 27
[2020/1/30 18:10:39]: --->发送服务端包信息: ServerPackets.NewItemInfo
[2020/1/30 18:10:39]: --->发送服务端包字节信息: 94, 0, 27, 0, 248, 0, 0, 0, 12, 68, 114, 97, 103, 111, 110, 83, 108, 97, 121, 101, 114, 1, 2, 0, 7, 3, 0, 29, 0, 92, 0, 40, 57, 0, 232, 128, 1, 0, 0, 0, 248, 36, 1, 0, 0, 0, 0, 0, 5, 40, 0, 0, 0, 0, 0, 0, 0, 0, 0, 0, 0, 0, 0, 0, 0, 0, 0, 0, 0, 0, 0, 0, 0, 0, 0, 0, 0, 2, 0, 0, 0, 0, 0, 0, 0, 0, 0, 0, 0, 1, 0, 1, 1, 0, 
[2020/1/30 18:10:39]: --->发送服务端包Index: 27
[2020/1/30 18:10:39]: --->发送服务端包信息: ServerPackets.NewItemInfo
[2020/1/30 18:10:39]: --->发送服务端包字节信息: 94, 0, 27, 0, 61, 1, 0, 0, 12, 66, 97, 115, 101, 68, 114, 101, 115, 115, 40, 77, 41, 2, 1, 0, 31, 1, 0, 1, 0, 5, 0, 1, 60, 0, 136, 19, 1, 0, 0, 0, 120, 0, 0, 0, 2, 2, 0, 1, 0, 0, 0, 0, 0, 0, 0, 0, 0, 0, 0, 0, 0, 0, 1, 0, 0, 0, 0, 0, 0, 0, 0, 0, 0, 0, 0, 0, 0, 0, 0, 0, 0, 0, 0, 0, 0, 0, 0, 0, 0, 2, 0, 1, 1, 0, 
[2020/1/30 18:10:39]: --->发送服务端包Index: 17
[2020/1/30 18:10:39]: --->发送服务端包信息: ServerPackets.MapInformation
[2020/1/30 18:10:39]: --->发送服务端包字节信息: 30, 0, 17, 0, 1, 48, 14, 66, 105, 99, 104, 111, 110, 80, 114, 111, 118, 105, 110, 99, 101, 101, 0, 135, 0, 0, 0, 0, 0, 0, 
[2020/1/30 18:10:39]: --->发送服务端包Index: 18
[2020/1/30 18:10:39]: --->发送服务端包信息: ServerPackets.UserInformation
[2020/1/30 18:10:39]: --->发送服务端包字节信息: 46, 2, 18, 0, 128, 3, 1, 0, 1, 0, 0, 0, 7, 232, 140, 131, 233, 151, 178, 49, 0, 0, 255, 255, 255, 255, 0, 0, 50, 0, 22, 1, 0, 0, 91, 2, 0, 0, 7, 4, 221, 3, 147, 0, 2, 0, 0, 0, 0, 0, 0, 0, 100, 0, 0, 0, 0, 0, 0, 0, 0, 1, 46, 0, 0, 0, 1, 3, 0, 0, 0, 0, 0, 0, 0, 146, 2, 0, 0, 0, 0, 0, 0, 1, 0, 0, 0, 0, 0, 0, 0, 0, 0, 0, 0, 0, 0, 0, 255, 255, 255, 255, 0, 0, 0, 0, 0, 0, 0, 0, 0, 0, 0, 0, 0, 0, 0, 0, 0, 0, 0, 1, 5, 0, 0, 0, 0, 0, 0, 0, 235, 4, 0, 0, 0, 0, 0, 0, 1, 0, 0, 0, 0, 0, 0, 0, 0, 0, 0, 0, 0, 0, 0, 255, 255, 255, 255, 0, 0, 0, 0, 0, 0, 0, 0, 0, 0, 0, 0, 0, 0, 0, 0, 0, 0, 0, 0, 0, 0, 0, 0, 0, 0, 1, 1, 0, 0, 0, 0, 0, 0, 0, 221, 0, 0, 0, 155, 15, 160, 15, 1, 0, 0, 0, 0, 0, 0, 0, 0, 0, 0, 0, 0, 0, 0, 255, 255, 255, 255, 0, 0, 0, 0, 0, 0, 0, 0, 0, 0, 0, 0, 1, 4, 0, 0, 0, 0, 0, 0, 0, 210, 2, 0, 0, 54, 31, 64, 31, 1, 0, 0, 0, 0, 0, 0, 0, 0, 0, 0, 0, 0, 0, 0, 255, 255, 255, 255, 0, 0, 0, 0, 0, 0, 0, 0, 0, 0, 0, 0, 0, 0, 0, 0, 0, 0, 0, 0, 0, 0, 0, 0, 0, 0, 0, 0, 0, 1, 14, 0, 0, 0, 1, 6, 0, 0, 0, 0, 0, 0, 0, 248, 0, 0, 0, 212, 115, 208, 132, 1, 0, 0, 0, 0, 0, 0, 0, 0, 0, 0, 0, 0, 0, 0, 255, 255, 255, 255, 1, 0, 0, 0, 0, 0, 0, 0, 0, 0, 0, 1, 2, 0, 0, 0, 0, 0, 0, 0, 61, 1, 0, 0, 132, 19, 136, 19, 1, 0, 0, 0, 0, 0, 0, 0, 0, 0, 0, 0, 0, 0, 0, 255, 255, 255, 255, 0, 0, 0, 0, 0, 0, 0, 0, 0, 0, 0, 0, 0, 0, 0, 0, 0, 0, 0, 0, 0, 0, 0, 1, 40, 0, 0, 0, 0, 0, 0, 0, 0, 0, 0, 0, 0, 0, 0, 0, 0, 0, 0, 0, 0, 0, 0, 0, 0, 0, 0, 0, 0, 0, 0, 0, 0, 0, 0, 0, 0, 0, 0, 0, 0, 0, 0, 0, 16, 39, 0, 0, 0, 0, 0, 0, 0, 0, 0, 0, 0, 0, 0, 0, 0, 2, 0, 0, 0, 7, 83, 108, 97, 121, 105, 110, 103, 2, 0, 0, 6, 15, 17, 20, 244, 1, 76, 4, 8, 7, 1, 0, 0, 0, 8, 7, 0, 0, 0, 0, 0, 0, 9, 0, 0, 0, 0, 0, 0, 0, 0, 8, 70, 105, 114, 101, 66, 97, 108, 108, 31, 3, 2, 0, 7, 9, 11, 200, 0, 94, 1, 188, 2, 1, 1, 19, 0, 8, 7, 0, 0, 0, 0, 0, 0, 9, 0, 0, 0, 0, 0, 0, 0, 0, 
[2020/1/30 18:10:39]: --->发送服务端包Index: 170
[2020/1/30 18:10:39]: --->发送服务端包信息: ServerPackets.CompleteQuest
[2020/1/30 18:10:39]: --->发送服务端包字节信息: 8, 0, 170, 0, 0, 0, 0, 0, 
[2020/1/30 18:10:39]: --->发送服务端包Index: 201
[2020/1/30 18:10:39]: --->发送服务端包信息: ServerPackets.ReceiveMail
[2020/1/30 18:10:39]: --->发送服务端包字节信息: 8, 0, 201, 0, 0, 0, 0, 0, 
[2020/1/30 18:10:39]: --->发送服务端包Index: 215
[2020/1/30 18:10:39]: --->发送服务端包信息: ServerPackets.FriendUpdate
[2020/1/30 18:10:39]: --->发送服务端包字节信息: 8, 0, 215, 0, 0, 0, 0, 0, 
[2020/1/30 18:10:39]: --->发送服务端包Index: 216
[2020/1/30 18:10:39]: --->发送服务端包信息: ServerPackets.LoverUpdate
[2020/1/30 18:10:39]: --->发送服务端包字节信息: 16, 0, 216, 0, 0, 0, 0, 0, 0, 0, 0, 0, 0, 0, 0, 0, 
[2020/1/30 18:10:39]: --->发送服务端包Index: 217
[2020/1/30 18:10:39]: --->发送服务端包信息: ServerPackets.MentorUpdate
[2020/1/30 18:10:39]: --->发送服务端包字节信息: 16, 0, 217, 0, 0, 0, 0, 0, 0, 0, 0, 0, 0, 0, 0, 0, 
[2020/1/30 18:10:39]: --->发送服务端包Index: 141
[2020/1/30 18:10:39]: --->发送服务端包信息: ServerPackets.BaseStatsInfo
[2020/1/30 18:10:39]: --->发送服务端包字节信息: 44, 0, 141, 0, 0, 0, 128, 64, 0, 0, 144, 64, 0, 0, 0, 0, 0, 7, 0, 0, 5, 5, 0, 0, 0, 0, 5, 15, 0, 0, 0, 0, 0, 0, 64, 64, 0, 0, 160, 65, 0, 0, 80, 65, 
[2020/1/30 18:10:39]: --->发送服务端包Index: 59
[2020/1/30 18:10:39]: --->发送服务端包信息: ServerPackets.ObjectMonster
[2020/1/30 18:10:39]: --->发送服务端包字节信息: 52, 0, 59, 0, 117, 6, 0, 0, 9, 83, 99, 97, 114, 101, 99, 114, 111, 119, 255, 255, 255, 255, 21, 1, 0, 0, 75, 2, 0, 0, 5, 0, 1, 0, 0, 0, 0, 0, 0, 0, 0, 0, 0, 0, 0, 0, 0, 0, 0, 0, 0, 0, 
[2020/1/30 18:10:39]: --->发送服务端包Index: 59
[2020/1/30 18:10:39]: --->发送服务端包信息: ServerPackets.ObjectMonster
[2020/1/30 18:10:39]: --->发送服务端包字节信息: 47, 0, 59, 0, 121, 6, 0, 0, 4, 68, 101, 101, 114, 255, 255, 255, 255, 29, 1, 0, 0, 76, 2, 0, 0, 4, 0, 2, 0, 2, 0, 0, 0, 0, 0, 0, 0, 0, 0, 0, 0, 0, 0, 0, 0, 0, 0, 
[2020/1/30 18:10:39]: --->发送服务端包Index: 59
[2020/1/30 18:10:39]: --->发送服务端包信息: ServerPackets.ObjectMonster
[2020/1/30 18:10:39]: --->发送服务端包字节信息: 47, 0, 59, 0, 194, 5, 0, 0, 4, 68, 101, 101, 114, 255, 255, 255, 255, 25, 1, 0, 0, 79, 2, 0, 0, 4, 0, 0, 0, 2, 0, 0, 0, 0, 0, 0, 0, 0, 0, 0, 0, 0, 0, 0, 0, 0, 0, 
[2020/1/30 18:10:39]: --->发送服务端包Index: 59
[2020/1/30 18:10:39]: --->发送服务端包信息: ServerPackets.ObjectMonster
[2020/1/30 18:10:39]: --->发送服务端包字节信息: 47, 0, 59, 0, 123, 6, 0, 0, 4, 68, 101, 101, 114, 255, 255, 255, 255, 19, 1, 0, 0, 80, 2, 0, 0, 4, 0, 7, 0, 2, 0, 0, 0, 0, 0, 0, 0, 0, 0, 0, 0, 0, 0, 0, 0, 0, 0, 
[2020/1/30 18:10:39]: --->发送服务端包Index: 59
[2020/1/30 18:10:39]: --->发送服务端包信息: ServerPackets.ObjectMonster
[2020/1/30 18:10:39]: --->发送服务端包字节信息: 47, 0, 59, 0, 199, 5, 0, 0, 4, 68, 101, 101, 114, 255, 255, 255, 255, 32, 1, 0, 0, 81, 2, 0, 0, 4, 0, 6, 0, 2, 0, 0, 0, 0, 0, 0, 0, 0, 0, 0, 0, 0, 0, 0, 0, 0, 0, 
[2020/1/30 18:10:39]: --->发送服务端包Index: 59
[2020/1/30 18:10:39]: --->发送服务端包信息: ServerPackets.ObjectMonster
[2020/1/30 18:10:39]: --->发送服务端包字节信息: 47, 0, 59, 0, 30, 6, 0, 0, 4, 68, 101, 101, 114, 255, 255, 255, 255, 8, 1, 0, 0, 82, 2, 0, 0, 4, 0, 6, 0, 2, 0, 0, 0, 0, 0, 0, 0, 0, 0, 0, 0, 0, 0, 0, 0, 0, 0, 
[2020/1/30 18:10:39]: --->发送服务端包Index: 59
[2020/1/30 18:10:39]: --->发送服务端包信息: ServerPackets.ObjectMonster
[2020/1/30 18:10:39]: --->发送服务端包字节信息: 52, 0, 59, 0, 111, 6, 0, 0, 9, 83, 99, 97, 114, 101, 99, 114, 111, 119, 255, 255, 255, 255, 17, 1, 0, 0, 85, 2, 0, 0, 5, 0, 5, 0, 0, 0, 1, 0, 0, 0, 0, 0, 0, 0, 0, 0, 0, 0, 0, 0, 0, 0, 
[2020/1/30 18:10:39]: --->发送服务端包Index: 59
[2020/1/30 18:10:39]: --->发送服务端包信息: ServerPackets.ObjectMonster
[2020/1/30 18:10:39]: --->发送服务端包字节信息: 52, 0, 59, 0, 84, 6, 0, 0, 9, 83, 99, 97, 114, 101, 99, 114, 111, 119, 255, 255, 255, 255, 12, 1, 0, 0, 88, 2, 0, 0, 5, 0, 1, 0, 0, 0, 0, 0, 0, 0, 0, 0, 0, 0, 0, 0, 0, 0, 0, 0, 0, 0, 
[2020/1/30 18:10:39]: --->发送服务端包Index: 59
[2020/1/30 18:10:39]: --->发送服务端包信息: ServerPackets.ObjectMonster
[2020/1/30 18:10:39]: --->发送服务端包字节信息: 48, 0, 59, 0, 164, 8, 0, 0, 5, 71, 117, 97, 114, 100, 255, 255, 255, 255, 24, 1, 0, 0, 88, 2, 0, 0, 0, 0, 7, 0, 6, 20, 0, 0, 0, 0, 0, 0, 0, 0, 0, 0, 0, 0, 0, 0, 0, 0, 
[2020/1/30 18:10:39]: --->发送服务端包Index: 59
[2020/1/30 18:10:39]: --->发送服务端包信息: ServerPackets.ObjectMonster
[2020/1/30 18:10:39]: --->发送服务端包字节信息: 47, 0, 59, 0, 27, 6, 0, 0, 4, 68, 101, 101, 114, 255, 255, 255, 255, 18, 1, 0, 0, 91, 2, 0, 0, 4, 0, 4, 0, 2, 0, 0, 0, 0, 0, 0, 0, 0, 0, 0, 0, 0, 0, 0, 0, 0, 0, 
[2020/1/30 18:10:39]: --->发送服务端包Index: 77
[2020/1/30 18:10:39]: --->发送服务端包信息: ServerPackets.ObjectNPC
[2020/1/30 18:10:39]: --->发送服务端包字节信息: 53, 0, 77, 0, 6, 0, 0, 0, 13, 77, 101, 114, 99, 104, 97, 110, 116, 95, 74, 111, 104, 110, 0, 255, 0, 255, 11, 0, 0, 0, 0, 0, 37, 1, 0, 0, 91, 2, 0, 0, 0, 2, 0, 0, 0, 3, 0, 0, 0, 4, 0, 0, 0, 
[2020/1/30 18:10:39]: --->发送服务端包Index: 77
[2020/1/30 18:10:39]: --->发送服务端包信息: ServerPackets.ObjectNPC
[2020/1/30 18:10:39]: --->发送服务端包字节信息: 53, 0, 77, 0, 6, 0, 0, 0, 13, 77, 101, 114, 99, 104, 97, 110, 116, 95, 74, 111, 104, 110, 0, 255, 0, 255, 11, 0, 0, 0, 0, 0, 37, 1, 0, 0, 91, 2, 0, 0, 0, 2, 0, 0, 0, 3, 0, 0, 0, 4, 0, 0, 0, 
[2020/1/30 18:10:39]: --->发送服务端包Index: 59
[2020/1/30 18:10:39]: --->发送服务端包信息: ServerPackets.ObjectMonster
[2020/1/30 18:10:39]: --->发送服务端包字节信息: 48, 0, 59, 0, 163, 8, 0, 0, 5, 71, 117, 97, 114, 100, 255, 255, 255, 255, 20, 1, 0, 0, 92, 2, 0, 0, 0, 0, 7, 0, 6, 20, 0, 0, 0, 0, 0, 0, 0, 0, 0, 0, 0, 0, 0, 0, 0, 0, 
[2020/1/30 18:10:39]: --->发送服务端包Index: 59
[2020/1/30 18:10:39]: --->发送服务端包信息: ServerPackets.ObjectMonster
[2020/1/30 18:10:39]: --->发送服务端包字节信息: 47, 0, 59, 0, 55, 6, 0, 0, 4, 68, 101, 101, 114, 255, 255, 255, 255, 7, 1, 0, 0, 93, 2, 0, 0, 4, 0, 4, 0, 2, 0, 0, 0, 0, 0, 0, 0, 0, 0, 0, 0, 0, 0, 0, 0, 0, 0, 
[2020/1/30 18:10:39]: --->发送服务端包Index: 77
[2020/1/30 18:10:39]: --->发送服务端包信息: ServerPackets.ObjectNPC
[2020/1/30 18:10:39]: --->发送服务端包字节信息: 78, 0, 77, 0, 3, 0, 0, 0, 14, 65, 115, 115, 105, 115, 116, 97, 110, 116, 95, 74, 97, 110, 101, 0, 255, 0, 255, 5, 0, 0, 0, 0, 0, 28, 1, 0, 0, 94, 2, 0, 0, 0, 8, 0, 0, 0, 1, 0, 0, 0, 2, 0, 0, 0, 3, 0, 0, 0, 7, 0, 0, 0, 10, 0, 0, 0, 13, 0, 0, 0, 16, 0, 0, 0, 19, 0, 0, 0, 
[2020/1/30 18:10:39]: --->发送服务端包Index: 77
[2020/1/30 18:10:39]: --->发送服务端包信息: ServerPackets.ObjectNPC
[2020/1/30 18:10:39]: --->发送服务端包字节信息: 78, 0, 77, 0, 3, 0, 0, 0, 14, 65, 115, 115, 105, 115, 116, 97, 110, 116, 95, 74, 97, 110, 101, 0, 255, 0, 255, 5, 0, 0, 0, 0, 0, 28, 1, 0, 0, 94, 2, 0, 0, 0, 8, 0, 0, 0, 1, 0, 0, 0, 2, 0, 0, 0, 3, 0, 0, 0, 7, 0, 0, 0, 10, 0, 0, 0, 13, 0, 0, 0, 16, 0, 0, 0, 19, 0, 0, 0, 
[2020/1/30 18:10:39]: --->发送服务端包Index: 77
[2020/1/30 18:10:39]: --->发送服务端包信息: ServerPackets.ObjectNPC
[2020/1/30 18:10:39]: --->发送服务端包字节信息: 50, 0, 77, 0, 8, 0, 0, 0, 14, 77, 101, 114, 99, 104, 97, 110, 116, 95, 82, 117, 98, 101, 110, 0, 255, 0, 255, 1, 0, 0, 0, 0, 0, 35, 1, 0, 0, 98, 2, 0, 0, 0, 1, 0, 0, 0, 48, 0, 0, 0, 
[2020/1/30 18:10:39]: --->发送服务端包Index: 77
[2020/1/30 18:10:39]: --->发送服务端包信息: ServerPackets.ObjectNPC
[2020/1/30 18:10:39]: --->发送服务端包信息: ServerPackets.ObjectNPC
[2020/1/30 18:10:39]: --->发送服务端包信息: ServerPackets.ObjectNPC
[2020/1/30 18:10:39]: --->发送服务端包信息: ServerPackets.SwitchGroup
[2020/1/30 18:10:39]: --->发送服务端包Index: 124
[2020/1/30 18:10:39]: --->发送服务端包Index: 124
[2020/1/30 18:10:39]: --->发送服务端包信息: ServerPackets.AddBuff
[2020/1/30 18:10:39]: --->发送服务端包字节信息: 35, 0, 124, 0, 100, 7, 232, 140, 131, 233, 151, 178, 49, 0, 128, 3, 1, 0, 100, 0, 0, 0, 0, 0, 0, 0, 1, 0, 0, 0, 0, 0, 0, 0, 1, 
[2020/1/30 18:10:39]: --->发送服务端包Index: 65
[2020/1/30 18:10:39]: --->发送服务端包信息: ServerPackets.HealthChanged
[2020/1/30 18:10:39]: --->发送服务端包字节信息: 8, 0, 65, 0, 221, 3, 153, 0, 
[2020/1/30 18:10:39]: --->发送服务端包Index: 78
[2020/1/30 18:10:39]: --->发送服务端包信息: ServerPackets.NPCResponse
[2020/1/30 18:10:39]: --->发送服务端包字节信息: 8, 0, 78, 0, 0, 0, 0, 0, 
[2020/1/30 18:10:40]: <---收到字节长度: 8
[2020/1/30 18:10:40]: <---收到客户端包Index: 26
[2020/1/30 18:10:40]: <---收到客户端包信息: ClientPackets.RefineCancel
[2020/1/30 18:10:40]: <---收到客户端包字节信息: 4, 0, 26, 0, 
[2020/1/30 18:10:40]: <---收到客户端包Index: 26
[2020/1/30 18:10:40]: <---收到客户端包信息: ClientPackets.RefineCancel
[2020/1/30 18:10:40]: <---收到客户端包字节信息: 4, 0, 26, 0, 
[2020/1/30 18:10:42]: <---收到字节长度: 5
[2020/1/30 18:10:42]: --->发送服务端包Index: 21
[2020/1/30 18:10:42]: --->发送服务端包信息: ServerPackets.ObjectRemove
[2020/1/30 18:10:42]: --->发送服务端包字节信息: 8, 0, 21, 0, 117, 6, 0, 0, 
[2020/1/30 18:10:42]: --->发送服务端包Index: 19
[2020/1/30 18:10:42]: --->发送服务端包信息: ServerPackets.UserLocation
[2020/1/30 18:10:42]: --->发送服务端包字节信息: 13, 0, 19, 0, 23, 1, 0, 0, 92, 2, 0, 0, 3, 
[2020/1/30 18:10:42]: <---收到字节长度: 5
[2020/1/30 18:10:42]: --->发送服务端包Index: 21
[2020/1/30 18:10:42]: --->发送服务端包信息: ServerPackets.ObjectRemove
[2020/1/30 18:10:42]: --->发送服务端包字节信息: 8, 0, 21, 0, 121, 6, 0, 0, 
[2020/1/30 18:10:42]: --->发送服务端包Index: 21
[2020/1/30 18:10:42]: --->发送服务端包信息: ServerPackets.ObjectRemove
[2020/1/30 18:10:42]: --->发送服务端包字节信息: 8, 0, 21, 0, 30, 6, 0, 0, 
[2020/1/30 18:10:42]: --->发送服务端包Index: 21
[2020/1/30 18:10:42]: --->发送服务端包信息: ServerPackets.ObjectRemove
[2020/1/30 18:10:42]: --->发送服务端包字节信息: 8, 0, 21, 0, 55, 6, 0, 0, 
[2020/1/30 18:10:42]: --->发送服务端包Index: 59
[2020/1/30 18:10:42]: --->发送服务端包信息: ServerPackets.ObjectMonster
[2020/1/30 18:10:42]: --->发送服务端包字节信息: 47, 0, 59, 0, 208, 5, 0, 0, 4, 68, 101, 101, 114, 255, 255, 255, 255, 40, 1, 0, 0, 80, 2, 0, 0, 4, 0, 4, 0, 2, 0, 0, 0, 0, 0, 0, 0, 0, 0, 0, 0, 0, 0, 0, 0, 0, 0, 
[2020/1/30 18:10:42]: --->发送服务端包Index: 59
[2020/1/30 18:10:42]: --->发送服务端包信息: ServerPackets.ObjectMonster
[2020/1/30 18:10:42]: --->发送服务端包字节信息: 53, 0, 59, 0, 250, 7, 0, 0, 10, 67, 104, 101, 114, 114, 121, 84, 114, 101, 101, 255, 255, 255, 255, 40, 1, 0, 0, 83, 2, 0, 0, 16, 0, 0, 0, 3, 0, 0, 0, 0, 0, 0, 0, 0, 0, 0, 0, 0, 0, 0, 0, 0, 0, 
[2020/1/30 18:10:42]: --->发送服务端包Index: 59
[2020/1/30 18:10:42]: --->发送服务端包信息: ServerPackets.ObjectMonster
[2020/1/30 18:10:42]: --->发送服务端包字节信息: 52, 0, 59, 0, 143, 7, 0, 0, 9, 69, 98, 111, 110, 121, 84, 114, 101, 101, 255, 255, 255, 255, 41, 1, 0, 0, 87, 2, 0, 0, 14, 0, 0, 0, 3, 0, 0, 0, 0, 0, 0, 0, 0, 0, 0, 0, 0, 0, 0, 0, 0, 0, 
[2020/1/30 18:10:42]: --->发送服务端包Index: 77
[2020/1/30 18:10:42]: --->发送服务端包信息: ServerPackets.ObjectNPC
[2020/1/30 18:10:42]: --->发送服务端包字节信息: 54, 0, 77, 0, 5, 0, 0, 0, 14, 77, 101, 114, 99, 104, 97, 110, 116, 95, 83, 109, 105, 116, 104, 0, 255, 0, 255, 0, 0, 0, 0, 0, 0, 41, 1, 0, 0, 100, 2, 0, 0, 2, 2, 0, 0, 0, 5, 0, 0, 0, 6, 0, 0, 0, 
[2020/1/30 18:10:42]: --->发送服务端包Index: 19
[2020/1/30 18:10:42]: --->发送服务端包信息: ServerPackets.UserLocation
[2020/1/30 18:10:42]: --->发送服务端包字节信息: 13, 0, 19, 0, 25, 1, 0, 0, 94, 2, 0, 0, 3, 