[2020/1/15 23:49:37]: 0 Recipes loaded.
[2020/1/15 23:49:42]: 386 Maps Loaded.
[2020/1/15 23:49:43]: Drops Loaded.
[2020/1/15 23:49:43]: Dragon Loaded.
[2020/1/15 23:49:43]: Envir Started.
[2020/1/15 23:49:43]: Network Started.
[2020/1/15 23:49:44]: 127.0.0.1, Connected.
[2020/1/15 23:49:44]: --->发送服务端包Index: 0
[2020/1/15 23:49:44]: --->发送服务端包信息: ServerPackets.Connected
[2020/1/15 23:49:44]: --->发送服务端包字节信息: 4, 0, 0, 0, 
[2020/1/15 23:49:44]: <---收到字节长度: 24
[2020/1/15 23:49:44]: <---收到客户端包Index: 0
[2020/1/15 23:49:44]: <---收到客户端包信息: ClientPackets.ClientVersion
[2020/1/15 23:49:44]: <---收到客户端包字节信息: 24, 0, 0, 0, 16, 0, 0, 0, 199, 112, 84, 16, 255, 216, 27, 136, 196, 82, 59, 160, 219, 107, 11, 49, 
[2020/1/15 23:49:44]: 1, 127.0.0.1, Client version matched.
[2020/1/15 23:49:44]: --->发送服务端包Index: 1
[2020/1/15 23:49:44]: --->发送服务端包信息: ServerPackets.ClientVersion
[2020/1/15 23:49:44]: --->发送服务端包字节信息: 5, 0, 1, 0, 1, 
[2020/1/15 23:49:48]: <---收到字节长度: 16
[2020/1/15 23:49:48]: <---收到客户端包Index: 5
[2020/1/15 23:49:48]: <---收到客户端包信息: ClientPackets.Login
[2020/1/15 23:49:48]: <---收到客户端包字节信息: 16, 0, 5, 0, 5, 116, 101, 115, 116, 49, 5, 116, 101, 115, 116, 49, 
[2020/1/15 23:49:48]: 1, 127.0.0.1, User logging in.
[2020/1/15 23:49:48]: 1, 127.0.0.1, User logged in.
[2020/1/15 23:49:48]: --->发送服务端包Index: 9
[2020/1/15 23:49:48]: --->发送服务端包信息: ServerPackets.LoginSuccess
[2020/1/15 23:49:48]: --->发送服务端包字节信息: 30, 0, 9, 0, 1, 0, 0, 0, 2, 0, 0, 0, 5, 116, 101, 115, 116, 49, 1, 0, 1, 0, 213, 138, 10, 133, 210, 153, 215, 136, 
[2020/1/15 23:49:52]: <---收到字节长度: 8
[2020/1/15 23:49:52]: <---收到客户端包Index: 8
[2020/1/15 23:49:52]: <---收到客户端包信息: ClientPackets.StartGame
[2020/1/15 23:49:52]: <---收到客户端包字节信息: 8, 0, 8, 0, 2, 0, 0, 0, 
[2020/1/15 23:49:52]: test1 has connected.
[2020/1/15 23:49:52]: --->发送服务端包Index: 184
[2020/1/15 23:49:52]: --->发送服务端包信息: ServerPackets.SetConcentration
[2020/1/15 23:49:52]: --->发送服务端包字节信息: 10, 0, 184, 0, 128, 3, 1, 0, 0, 0, 
[2020/1/15 23:49:52]: --->发送服务端包Index: 14
[2020/1/15 23:49:52]: --->发送服务端包信息: ServerPackets.StartGame
[2020/1/15 23:49:52]: --->发送服务端包字节信息: 9, 0, 14, 0, 4, 0, 4, 0, 0, 
[2020/1/15 23:49:52]: --->发送服务端包Index: 25
[2020/1/15 23:49:52]: --->发送服务端包信息: ServerPackets.Chat
[2020/1/15 23:49:52]: --->发送服务端包字节信息: 53, 0, 25, 0, 47, 87, 101, 108, 99, 111, 109, 101, 32, 116, 111, 32, 116, 104, 101, 32, 76, 101, 103, 101, 110, 100, 32, 111, 102, 32, 76, 101, 103, 101, 110, 100, 32, 111, 102, 32, 77, 105, 114, 50, 32, 83, 101, 114, 118, 101, 114, 46, 3, 
[2020/1/15 23:49:52]: --->发送服务端包Index: 27
[2020/1/15 23:49:52]: --->发送服务端包信息: ServerPackets.NewItemInfo
[2020/1/15 23:49:52]: --->发送服务端包字节信息: 95, 0, 27, 0, 146, 2, 0, 0, 13, 40, 72, 80, 41, 68, 114, 117, 103, 83, 109, 97, 108, 108, 13, 0, 0, 31, 3, 0, 0, 0, 1, 0, 0, 142, 1, 0, 0, 20, 0, 0, 0, 40, 0, 0, 0, 0, 0, 0, 0, 0, 0, 0, 0, 0, 0, 30, 0, 0, 0, 0, 0, 0, 0, 1, 0, 0, 0, 0, 0, 0, 0, 0, 0, 0, 0, 0, 0, 0, 0, 0, 0, 0, 0, 0, 0, 0, 0, 0, 0, 6, 0, 0, 0, 1, 0, 
[2020/1/15 23:49:52]: --->发送服务端包Index: 27
[2020/1/15 23:49:52]: --->发送服务端包信息: ServerPackets.NewItemInfo
[2020/1/15 23:49:52]: --->发送服务端包字节信息: 147, 0, 27, 0, 235, 4, 0, 0, 16, 84, 101, 115, 116, 83, 101, 114, 118, 101, 114, 83, 99, 114, 111, 108, 108, 21, 4, 0, 31, 3, 0, 1, 0, 1, 0, 0, 254, 6, 0, 0, 1, 0, 0, 0, 0, 0, 0, 0, 0, 0, 0, 0, 0, 0, 0, 0, 0, 0, 0, 0, 0, 0, 0, 0, 0, 0, 1, 0, 0, 0, 0, 0, 0, 0, 0, 0, 0, 0, 0, 0, 0, 0, 0, 0, 0, 0, 0, 23, 0, 0, 0, 0, 0, 0, 0, 0, 1, 49, 66, 97, 115, 105, 99, 32, 84, 101, 115, 116, 32, 83, 101, 114, 118, 101, 114, 32, 83, 99, 114, 111, 108, 108, 32, 119, 104, 105, 99, 104, 32, 103, 105, 118, 101, 115, 32, 105, 110, 102, 111, 114, 109, 97, 116, 105, 111, 110, 46, 
[2020/1/15 23:49:52]: --->发送服务端包Index: 27
[2020/1/15 23:49:52]: --->发送服务端包信息: ServerPackets.NewItemInfo
[2020/1/15 23:49:52]: --->发送服务端包字节信息: 88, 0, 27, 0, 210, 2, 0, 0, 6, 67, 97, 110, 100, 108, 101, 12, 0, 0, 31, 3, 0, 0, 0, 1, 38, 0, 130, 0, 64, 31, 1, 0, 0, 0, 10, 0, 0, 0, 0, 0, 0, 0, 0, 0, 0, 0, 0, 0, 0, 0, 0, 0, 0, 0, 0, 0, 1, 0, 0, 0, 0, 0, 0, 0, 0, 0, 0, 0, 0, 0, 0, 0, 0, 0, 0, 0, 0, 0, 0, 0, 0, 0, 6, 0, 0, 0, 1, 0, 
[2020/1/15 23:49:52]: --->发送服务端包Index: 27
[2020/1/15 23:49:52]: --->发送服务端包信息: ServerPackets.NewItemInfo
[2020/1/15 23:49:52]: --->发送服务端包字节信息: 93, 0, 27, 0, 221, 0, 0, 0, 11, 87, 111, 111, 100, 101, 110, 83, 119, 111, 114, 100, 1, 1, 0, 7, 3, 0, 0, 0, 4, 0, 1, 30, 0, 160, 15, 1, 0, 0, 0, 50, 0, 0, 0, 0, 0, 0, 0, 2, 4, 0, 0, 0, 0, 0, 0, 0, 0, 0, 0, 0, 0, 1, 0, 0, 0, 0, 0, 0, 0, 0, 0, 0, 0, 0, 0, 0, 0, 0, 0, 0, 0, 0, 0, 0, 0, 0, 0, 0, 1, 0, 1, 1, 0, 
[2020/1/15 23:49:52]: --->发送服务端包Index: 27
[2020/1/15 23:49:52]: --->发送服务端包信息: ServerPackets.NewItemInfo
[2020/1/15 23:49:52]: --->发送服务端包字节信息: 94, 0, 27, 0, 61, 1, 0, 0, 12, 66, 97, 115, 101, 68, 114, 101, 115, 115, 40, 77, 41, 2, 1, 0, 31, 1, 0, 1, 0, 5, 0, 1, 60, 0, 136, 19, 1, 0, 0, 0, 120, 0, 0, 0, 2, 2, 0, 1, 0, 0, 0, 0, 0, 0, 0, 0, 0, 0, 0, 0, 0, 0, 1, 0, 0, 0, 0, 0, 0, 0, 0, 0, 0, 0, 0, 0, 0, 0, 0, 0, 0, 0, 0, 0, 0, 0, 0, 0, 0, 2, 0, 1, 1, 0, 
[2020/1/15 23:49:52]: --->发送服务端包Index: 17
[2020/1/15 23:49:52]: --->发送服务端包信息: ServerPackets.MapInformation
[2020/1/15 23:49:52]: --->发送服务端包字节信息: 30, 0, 17, 0, 1, 48, 14, 66, 105, 99, 104, 111, 110, 80, 114, 111, 118, 105, 110, 99, 101, 101, 0, 135, 0, 0, 0, 0, 0, 0, 
[2020/1/15 23:49:52]: --->发送服务端包Index: 18
[2020/1/15 23:49:52]: --->发送服务端包信息: ServerPackets.UserInformation
[2020/1/15 23:49:52]: --->发送服务端包字节信息: 156, 1, 18, 0, 128, 3, 1, 0, 2, 0, 0, 0, 5, 116, 101, 115, 116, 49, 0, 0, 255, 255, 255, 255, 1, 0, 1, 0, 34, 1, 0, 0, 103, 2, 0, 0, 4, 5, 15, 0, 17, 0, 15, 0, 0, 0, 0, 0, 0, 0, 100, 0, 0, 0, 0, 0, 0, 0, 0, 1, 46, 0, 0, 0, 1, 8, 0, 0, 0, 0, 0, 0, 0, 146, 2, 0, 0, 0, 0, 0, 0, 1, 0, 0, 0, 0, 0, 0, 0, 0, 0, 0, 0, 0, 0, 0, 255, 255, 255, 255, 0, 0, 0, 0, 0, 0, 0, 0, 0, 0, 0, 0, 0, 0, 0, 0, 1, 16, 0, 0, 0, 0, 0, 0, 0, 235, 4, 0, 0, 0, 0, 0, 0, 1, 0, 0, 0, 0, 0, 0, 0, 0, 0, 0, 0, 0, 0, 0, 255, 255, 255, 255, 0, 0, 0, 0, 0, 0, 0, 0, 0, 0, 0, 0, 1, 9, 0, 0, 0, 0, 0, 0, 0, 210, 2, 0, 0, 64, 31, 64, 31, 1, 0, 0, 0, 0, 0, 0, 0, 0, 0, 0, 0, 0, 0, 0, 255, 255, 255, 255, 0, 0, 0, 0, 0, 0, 0, 0, 0, 0, 0, 0, 0, 0, 0, 0, 0, 0, 0, 0, 0, 0, 0, 0, 0, 0, 0, 0, 0, 0, 0, 0, 0, 0, 0, 0, 0, 0, 0, 0, 0, 0, 0, 0, 0, 0, 0, 0, 1, 14, 0, 0, 0, 1, 6, 0, 0, 0, 0, 0, 0, 0, 221, 0, 0, 0, 120, 15, 160, 15, 1, 0, 0, 0, 0, 0, 0, 0, 0, 0, 0, 0, 0, 0, 0, 255, 255, 255, 255, 0, 0, 0, 0, 0, 0, 0, 0, 0, 0, 0, 1, 7, 0, 0, 0, 0, 0, 0, 0, 61, 1, 0, 0, 136, 19, 136, 19, 1, 0, 0, 0, 0, 0, 0, 0, 0, 0, 0, 0, 0, 0, 0, 255, 255, 255, 255, 0, 0, 0, 0, 0, 0, 0, 0, 0, 0, 0, 0, 0, 0, 0, 0, 0, 0, 0, 0, 0, 0, 0, 1, 40, 0, 0, 0, 0, 0, 0, 0, 0, 0, 0, 0, 0, 0, 0, 0, 0, 0, 0, 0, 0, 0, 0, 0, 0, 0, 0, 0, 0, 0, 0, 0, 0, 0, 0, 0, 0, 0, 0, 0, 0, 0, 0, 0, 0, 0, 0, 0, 0, 0, 0, 0, 
[2020/1/15 23:49:52]: --->发送服务端包Index: 170
[2020/1/15 23:49:52]: --->发送服务端包信息: ServerPackets.CompleteQuest
[2020/1/15 23:49:52]: --->发送服务端包字节信息: 8, 0, 170, 0, 0, 0, 0, 0, 
[2020/1/15 23:49:52]: --->发送服务端包Index: 201
[2020/1/15 23:49:52]: --->发送服务端包信息: ServerPackets.ReceiveMail
[2020/1/15 23:49:52]: --->发送服务端包字节信息: 8, 0, 201, 0, 0, 0, 0, 0, 
[2020/1/15 23:49:52]: --->发送服务端包Index: 215
[2020/1/15 23:49:52]: --->发送服务端包信息: ServerPackets.FriendUpdate
[2020/1/15 23:49:52]: --->发送服务端包字节信息: 8, 0, 215, 0, 0, 0, 0, 0, 
[2020/1/15 23:49:52]: --->发送服务端包Index: 216
[2020/1/15 23:49:52]: --->发送服务端包信息: ServerPackets.LoverUpdate
[2020/1/15 23:49:52]: --->发送服务端包字节信息: 16, 0, 216, 0, 0, 0, 0, 0, 0, 0, 0, 0, 0, 0, 0, 0, 
[2020/1/15 23:49:52]: --->发送服务端包Index: 217
[2020/1/15 23:49:52]: --->发送服务端包信息: ServerPackets.MentorUpdate
[2020/1/15 23:49:52]: --->发送服务端包字节信息: 16, 0, 217, 0, 0, 0, 0, 0, 0, 0, 0, 0, 0, 0, 0, 0, 
[2020/1/15 23:49:52]: --->发送服务端包Index: 141
[2020/1/15 23:49:52]: --->发送服务端包信息: ServerPackets.BaseStatsInfo
[2020/1/15 23:49:52]: --->发送服务端包字节信息: 44, 0, 141, 0, 0, 0, 112, 65, 102, 102, 230, 63, 0, 0, 0, 0, 0, 0, 0, 0, 7, 7, 7, 7, 0, 0, 5, 15, 0, 0, 0, 0, 0, 0, 160, 64, 0, 0, 200, 66, 0, 0, 180, 66, 
[2020/1/15 23:49:52]: --->发送服务端包Index: 59
[2020/1/15 23:49:52]: --->发送服务端包信息: ServerPackets.ObjectMonster
[2020/1/15 23:49:52]: --->发送服务端包字节信息: 48, 0, 59, 0, 164, 8, 0, 0, 5, 71, 117, 97, 114, 100, 255, 255, 255, 255, 24, 1, 0, 0, 88, 2, 0, 0, 0, 0, 7, 0, 6, 20, 0, 0, 0, 0, 0, 0, 0, 0, 0, 0, 0, 0, 0, 0, 0, 0, 
[2020/1/15 23:49:52]: --->发送服务端包Index: 77
[2020/1/15 23:49:52]: --->发送服务端包信息: ServerPackets.ObjectNPC
[2020/1/15 23:49:52]: --->发送服务端包字节信息: 53, 0, 77, 0, 6, 0, 0, 0, 13, 77, 101, 114, 99, 104, 97, 110, 116, 95, 74, 111, 104, 110, 0, 255, 0, 255, 11, 0, 0, 0, 0, 0, 37, 1, 0, 0, 91, 2, 0, 0, 0, 2, 0, 0, 0, 3, 0, 0, 0, 4, 0, 0, 0, 
[2020/1/15 23:49:52]: --->发送服务端包Index: 77
[2020/1/15 23:49:52]: --->发送服务端包信息: ServerPackets.ObjectNPC
[2020/1/15 23:49:52]: --->发送服务端包字节信息: 53, 0, 77, 0, 6, 0, 0, 0, 13, 77, 101, 114, 99, 104, 97, 110, 116, 95, 74, 111, 104, 110, 0, 255, 0, 255, 11, 0, 0, 0, 0, 0, 37, 1, 0, 0, 91, 2, 0, 0, 0, 2, 0, 0, 0, 3, 0, 0, 0, 4, 0, 0, 0, 
[2020/1/15 23:49:52]: --->发送服务端包Index: 59
[2020/1/15 23:49:52]: --->发送服务端包信息: ServerPackets.ObjectMonster
[2020/1/15 23:49:52]: --->发送服务端包字节信息: 48, 0, 59, 0, 163, 8, 0, 0, 5, 71, 117, 97, 114, 100, 255, 255, 255, 255, 20, 1, 0, 0, 92, 2, 0, 0, 0, 0, 7, 0, 6, 20, 0, 0, 0, 0, 0, 0, 0, 0, 0, 0, 0, 0, 0, 0, 0, 0, 
[2020/1/15 23:49:52]: --->发送服务端包Index: 59
[2020/1/15 23:49:52]: --->发送服务端包信息: ServerPackets.ObjectMonster
[2020/1/15 23:49:52]: --->发送服务端包字节信息: 47, 0, 59, 0, 191, 5, 0, 0, 4, 68, 101, 101, 114, 255, 255, 255, 255, 39, 1, 0, 0, 93, 2, 0, 0, 4, 0, 0, 0, 2, 0, 0, 0, 0, 0, 0, 0, 0, 0, 0, 0, 0, 0, 0, 0, 0, 0, 
[2020/1/15 23:49:52]: --->发送服务端包Index: 59
[2020/1/15 23:49:52]: --->发送服务端包信息: ServerPackets.ObjectMonster
[2020/1/15 23:49:52]: --->发送服务端包字节信息: 47, 0, 59, 0, 127, 6, 0, 0, 4, 68, 101, 101, 114, 255, 255, 255, 255, 44, 1, 0, 0, 93, 2, 0, 0, 4, 0, 3, 0, 2, 0, 0, 0, 0, 0, 0, 0, 0, 0, 0, 0, 0, 0, 0, 0, 0, 0, 
[2020/1/15 23:49:52]: --->发送服务端包Index: 77
[2020/1/15 23:49:52]: --->发送服务端包信息: ServerPackets.ObjectNPC
[2020/1/15 23:49:52]: --->发送服务端包字节信息: 78, 0, 77, 0, 3, 0, 0, 0, 14, 65, 115, 115, 105, 115, 116, 97, 110, 116, 95, 74, 97, 110, 101, 0, 255, 0, 255, 5, 0, 0, 0, 0, 0, 28, 1, 0, 0, 94, 2, 0, 0, 2, 8, 0, 0, 0, 1, 0, 0, 0, 2, 0, 0, 0, 3, 0, 0, 0, 7, 0, 0, 0, 10, 0, 0, 0, 13, 0, 0, 0, 16, 0, 0, 0, 19, 0, 0, 0, 
[2020/1/15 23:49:52]: --->发送服务端包Index: 77
[2020/1/15 23:49:52]: --->发送服务端包信息: ServerPackets.ObjectNPC
[2020/1/15 23:49:52]: --->发送服务端包字节信息: 78, 0, 77, 0, 3, 0, 0, 0, 14, 65, 115, 115, 105, 115, 116, 97, 110, 116, 95, 74, 97, 110, 101, 0, 255, 0, 255, 5, 0, 0, 0, 0, 0, 28, 1, 0, 0, 94, 2, 0, 0, 2, 8, 0, 0, 0, 1, 0, 0, 0, 2, 0, 0, 0, 3, 0, 0, 0, 7, 0, 0, 0, 10, 0, 0, 0, 13, 0, 0, 0, 16, 0, 0, 0, 19, 0, 0, 0, 
[2020/1/15 23:49:52]: --->发送服务端包Index: 59
[2020/1/15 23:49:52]: --->发送服务端包信息: ServerPackets.ObjectMonster
[2020/1/15 23:49:52]: --->发送服务端包字节信息: 47, 0, 59, 0, 136, 6, 0, 0, 4, 68, 101, 101, 114, 255, 255, 255, 255, 23, 1, 0, 0, 95, 2, 0, 0, 4, 0, 6, 0, 2, 0, 0, 0, 0, 0, 0, 0, 0, 0, 0, 0, 0, 0, 0, 0, 0, 0, 
[2020/1/15 23:49:52]: --->发送服务端包Index: 59
[2020/1/15 23:49:52]: --->发送服务端包信息: ServerPackets.ObjectMonster
[2020/1/15 23:49:52]: --->发送服务端包字节信息: 47, 0, 59, 0, 121, 6, 0, 0, 4, 68, 101, 101, 114, 255, 255, 255, 255, 37, 1, 0, 0, 95, 2, 0, 0, 4, 0, 0, 0, 2, 0, 0, 0, 0, 0, 0, 0, 0, 0, 0, 0, 0, 0, 0, 0, 0, 0, 
[2020/1/15 23:49:52]: --->发送服务端包Index: 77
[2020/1/15 23:49:52]: --->发送服务端包信息: ServerPackets.ObjectNPC
[2020/1/15 23:49:52]: --->发送服务端包字节信息: 48, 0, 77, 0, 7, 0, 0, 0, 16, 77, 101, 114, 99, 104, 97, 110, 116, 95, 87, 104, 105, 116, 110, 101, 121, 0, 255, 0, 255, 7, 0, 0, 0, 0, 0, 49, 1, 0, 0, 95, 2, 0, 0, 0, 0, 0, 0, 0, 
[2020/1/15 23:49:52]: --->发送服务端包Index: 77
[2020/1/15 23:49:52]: --->发送服务端包信息: ServerPackets.ObjectNPC
[2020/1/15 23:49:52]: --->发送服务端包字节信息: 48, 0, 77, 0, 7, 0, 0, 0, 16, 77, 101, 114, 99, 104, 97, 110, 116, 95, 87, 104, 105, 116, 110, 101, 121, 0, 255, 0, 255, 7, 0, 0, 0, 0, 0, 49, 1, 0, 0, 95, 2, 0, 0, 0, 0, 0, 0, 0, 
[2020/1/15 23:49:52]: --->发送服务端包Index: 59
[2020/1/15 23:49:52]: --->发送服务端包信息: ServerPackets.ObjectMonster
[2020/1/15 23:49:52]: --->发送服务端包字节信息: 52, 0, 59, 0, 92, 6, 0, 0, 9, 83, 99, 97, 114, 101, 99, 114, 111, 119, 255, 255, 255, 255, 21, 1, 0, 0, 97, 2, 0, 0, 5, 0, 2, 0, 0, 0, 1, 0, 0, 0, 0, 0, 0, 0, 0, 0, 0, 0, 0, 0, 0, 0, 
[2020/1/15 23:49:52]: --->发送服务端包Index: 77
[2020/1/15 23:49:52]: --->发送服务端包信息: ServerPackets.ObjectNPC
[2020/1/15 23:49:52]: --->发送服务端包字节信息: 50, 0, 77, 0, 8, 0, 0, 0, 14, 77, 101, 114, 99, 104, 97, 110, 116, 95, 82, 117, 98, 101, 110, 0, 255, 0, 255, 1, 0, 0, 0, 0, 0, 35, 1, 0, 0, 98, 2, 0, 0, 0, 1, 0, 0, 0, 48, 0, 0, 0, 
[2020/1/15 23:49:52]: --->发送服务端包Index: 77
[2020/1/15 23:49:52]: --->发送服务端包信息: ServerPackets.ObjectNPC
[2020/1/15 23:49:52]: --->发送服务端包字节信息: 50, 0, 77, 0, 8, 0, 0, 0, 14, 77, 101, 114, 99, 104, 97, 110, 116, 95, 82, 117, 98, 101, 110, 0, 255, 0, 255, 1, 0, 0, 0, 0, 0, 35, 1, 0, 0, 98, 2, 0, 0, 0, 1, 0, 0, 0, 48, 0, 0, 0, 
[2020/1/15 23:49:52]: --->发送服务端包Index: 59
[2020/1/15 23:49:52]: --->发送服务端包信息: ServerPackets.ObjectMonster
[2020/1/15 23:49:52]: --->发送服务端包字节信息: 47, 0, 59, 0, 199, 5, 0, 0, 4, 68, 101, 101, 114, 255, 255, 255, 255, 33, 1, 0, 0, 99, 2, 0, 0, 4, 0, 7, 0, 2, 0, 0, 0, 0, 0, 0, 0, 0, 0, 0, 0, 0, 0, 0, 0, 0, 0, 
[2020/1/15 23:49:52]: --->发送服务端包Index: 77
[2020/1/15 23:49:52]: --->发送服务端包信息: ServerPackets.ObjectNPC
[2020/1/15 23:49:52]: --->发送服务端包字节信息: 54, 0, 77, 0, 5, 0, 0, 0, 14, 77, 101, 114, 99, 104, 97, 110, 116, 95, 83, 109, 105, 116, 104, 0, 255, 0, 255, 0, 0, 0, 0, 0, 0, 41, 1, 0, 0, 100, 2, 0, 0, 2, 2, 0, 0, 0, 5, 0, 0, 0, 6, 0, 0, 0, 
[2020/1/15 23:49:52]: --->发送服务端包Index: 77
[2020/1/15 23:49:52]: --->发送服务端包信息: ServerPackets.ObjectNPC
[2020/1/15 23:49:52]: --->发送服务端包字节信息: 54, 0, 77, 0, 5, 0, 0, 0, 14, 77, 101, 114, 99, 104, 97, 110, 116, 95, 83, 109, 105, 116, 104, 0, 255, 0, 255, 0, 0, 0, 0, 0, 0, 41, 1, 0, 0, 100, 2, 0, 0, 2, 2, 0, 0, 0, 5, 0, 0, 0, 6, 0, 0, 0, 
[2020/1/15 23:49:52]: --->发送服务端包Index: 59
[2020/1/15 23:49:52]: --->发送服务端包信息: ServerPackets.ObjectMonster
[2020/1/15 23:49:52]: --->发送服务端包字节信息: 47, 0, 59, 0, 55, 6, 0, 0, 4, 68, 101, 101, 114, 255, 255, 255, 255, 46, 1, 0, 0, 102, 2, 0, 0, 4, 0, 3, 0, 2, 0, 0, 0, 0, 0, 0, 0, 0, 0, 0, 0, 0, 0, 0, 0, 0, 0, 
[2020/1/15 23:49:52]: --->发送服务端包Index: 77
[2020/1/15 23:49:52]: --->发送服务端包Index: 59
[2020/1/15 23:49:52]: --->发送服务端包Index: 49
[2020/1/15 23:49:52]: --->发送服务端包Index: 113
[2020/1/15 23:49:52]: --->发送服务端包Index: 155
[2020/1/15 23:49:52]: --->发送服务端包Index: 78
[2020/1/15 23:49:52]: --->发送服务端包信息: ServerPackets.NPCResponse
[2020/1/15 23:49:52]: --->发送服务端包字节信息: 8, 0, 78, 0, 0, 0, 0, 0, 
[2020/1/15 23:49:52]: <---收到字节长度: 8
[2020/1/15 23:49:52]: <---收到客户端包Index: 26
[2020/1/15 23:49:52]: <---收到客户端包信息: ClientPackets.RefineCancel
[2020/1/15 23:49:52]: <---收到客户端包字节信息: 4, 0, 26, 0, 
[2020/1/15 23:49:52]: <---收到客户端包Index: 26
[2020/1/15 23:49:52]: <---收到客户端包信息: ClientPackets.RefineCancel
[2020/1/15 23:49:52]: <---收到客户端包字节信息: 4, 0, 26, 0, 
[2020/1/15 23:49:54]: <---收到字节长度: 12
[2020/1/15 23:49:54]: <---收到字节长度: 5
[2020/1/15 23:49:54]: --->发送服务端包Index: 19
[2020/1/15 23:49:54]: --->发送服务端包信息: ServerPackets.UserLocation
[2020/1/15 23:49:54]: --->发送服务端包字节信息: 13, 0, 19, 0, 33, 1, 0, 0, 102, 2, 0, 0, 7, 
[2020/1/15 23:49:54]: <---收到字节长度: 5
[2020/1/15 23:49:54]: --->发送服务端包Index: 21
[2020/1/15 23:49:54]: --->发送服务端包信息: ServerPackets.ObjectRemove
[2020/1/15 23:49:54]: --->发送服务端包字节信息: 8, 0, 21, 0, 7, 0, 0, 0, 
[2020/1/15 23:49:54]: --->发送服务端包Index: 59
[2020/1/15 23:49:54]: --->发送服务端包信息: ServerPackets.ObjectMonster
[2020/1/15 23:49:54]: --->发送服务端包字节信息: 47, 0, 59, 0, 61, 6, 0, 0, 4, 68, 101, 101, 114, 255, 255, 255, 255, 16, 1, 0, 0, 111, 2, 0, 0, 4, 0, 4, 0, 2, 0, 0, 0, 0, 0, 0, 0, 0, 0, 0, 0, 0, 0, 0, 0, 0, 0, 
[2020/1/15 23:49:54]: --->发送服务端包Index: 19
[2020/1/15 23:49:54]: --->发送服务端包信息: ServerPackets.UserLocation
[2020/1/15 23:49:54]: --->发送服务端包字节信息: 13, 0, 19, 0, 31, 1, 0, 0, 102, 2, 0, 0, 6, 
[2020/1/15 23:49:55]: <---收到字节长度: 5
[2020/1/15 23:49:55]: --->发送服务端包Index: 21
[2020/1/15 23:49:55]: --->发送服务端包信息: ServerPackets.ObjectRemove
[2020/1/15 23:49:55]: --->发送服务端包字节信息: 8, 0, 21, 0, 55, 6, 0, 0, 
[2020/1/15 23:49:55]: --->发送服务端包Index: 59
[2020/1/15 23:49:55]: --->发送服务端包信息: ServerPackets.ObjectMonster
[2020/1/15 23:49:55]: --->发送服务端包字节信息: 47, 0, 59, 0, 69, 6, 0, 0, 4, 68, 101, 101, 114, 255, 255, 255, 255, 22, 1, 0, 0, 84, 2, 0, 0, 4, 0, 3, 0, 2, 0, 0, 0, 0, 0, 0, 0, 0, 0, 0, 0, 0, 0, 0, 0, 0, 0, 
[2020/1/15 23:49:55]: --->发送服务端包Index: 59
[2020/1/15 23:49:55]: --->发送服务端包信息: ServerPackets.ObjectMonster
[2020/1/15 23:49:55]: --->发送服务端包字节信息: 47, 0, 59, 0, 44, 6, 0, 0, 4, 68, 101, 101, 114, 255, 255, 255, 255, 23, 1, 0, 0, 84, 2, 0, 0, 4, 0, 1, 0, 2, 0, 0, 0, 0, 0, 0, 0, 0, 0, 0, 0, 0, 0, 0, 0, 0, 0, 
[2020/1/15 23:49:55]: --->发送服务端包Index: 59
[2020/1/15 23:49:55]: --->发送服务端包信息: ServerPackets.ObjectMonster
[2020/1/15 23:49:55]: --->发送服务端包字节信息: 47, 0, 59, 0, 123, 6, 0, 0, 4, 68, 101, 101, 114, 255, 255, 255, 255, 39, 1, 0, 0, 84, 2, 0, 0, 4, 0, 3, 0, 2, 0, 0, 0, 0, 0, 0, 0, 0, 0, 0, 0, 0, 0, 0, 0, 0, 0, 
[2020/1/15 23:49:55]: --->发送服务端包Index: 59
[2020/1/15 23:49:55]: --->发送服务端包信息: ServerPackets.ObjectMonster
[2020/1/15 23:49:55]: --->发送服务端包字节信息: 47, 0, 59, 0, 59, 6, 0, 0, 4, 68, 101, 101, 114, 255, 255, 255, 255, 45, 1, 0, 0, 84, 2, 0, 0, 4, 0, 1, 0, 2, 0, 0, 0, 0, 0, 0, 0, 0, 0, 0, 0, 0, 0, 0, 0, 0, 0, 
[2020/1/15 23:49:55]: --->发送服务端包Index: 59
[2020/1/15 23:49:55]: --->发送服务端包信息: ServerPackets.ObjectMonster
[2020/1/15 23:49:55]: --->发送服务端包字节信息: 55, 0, 59, 0, 65, 7, 0, 0, 12, 67, 104, 101, 115, 116, 110, 117, 116, 84, 114, 101, 101, 255, 255, 255, 255, 40, 1, 0, 0, 85, 2, 0, 0, 13, 0, 0, 0, 3, 0, 0, 0, 0, 0, 0, 0, 0, 0, 0, 0, 0, 0, 0, 0, 0, 0, 
[2020/1/15 23:49:55]: --->发送服务端包Index: 19
[2020/1/15 23:49:55]: --->发送服务端包信息: ServerPackets.UserLocation
[2020/1/15 23:49:55]: --->发送服务端包字节信息: 13, 0, 19, 0, 29, 1, 0, 0, 100, 2, 0, 0, 7, 
[2020/1/15 23:49:55]: <---收到字节长度: 5
[2020/1/15 23:49:56]: --->发送服务端包Index: 21
[2020/1/15 23:49:56]: --->发送服务端包信息: ServerPackets.ObjectRemove
[2020/1/15 23:49:56]: --->发送服务端包字节信息: 8, 0, 21, 0, 122, 6, 0, 0, 
[2020/1/15 23:49:56]: --->发送服务端包Index: 59
[2020/1/15 23:49:56]: --->发送服务端包信息: ServerPackets.ObjectMonster
[2020/1/15 23:49:56]: --->发送服务端包字节信息: 47, 0, 59, 0, 29, 6, 0, 0, 4, 68, 101, 101, 114, 255, 255, 255, 255, 28, 1, 0, 0, 82, 2, 0, 0, 4, 0, 0, 0, 2, 0, 0, 0, 0, 0, 0, 0, 0, 0, 0, 0, 0, 0, 0, 0, 0, 0, 
[2020/1/15 23:49:56]: --->发送服务端包Index: 59
[2020/1/15 23:49:56]: --->发送服务端包信息: ServerPackets.ObjectMonster
[2020/1/15 23:49:56]: --->发送服务端包字节信息: 47, 0, 59, 0, 43, 6, 0, 0, 4, 68, 101, 101, 114, 255, 255, 255, 255, 44, 1, 0, 0, 82, 2, 0, 0, 4, 0, 1, 0, 2, 0, 0, 0, 0, 0, 0, 0, 0, 0, 0, 0, 0, 0, 0, 0, 0, 0, 
[2020/1/15 23:49:56]: --->发送服务端包Index: 19
[2020/1/15 23:49:56]: --->发送服务端包信息: ServerPackets.UserLocation
[2020/1/15 23:49:56]: --->发送服务端包字节信息: 13, 0, 19, 0, 29, 1, 0, 0, 98, 2, 0, 0, 0, 
[2020/1/15 23:49:56]: --->发送服务端包Index: 21
[2020/1/15 23:49:56]: --->发送服务端包信息: ServerPackets.ObjectRemove
[2020/1/15 23:49:56]: --->发送服务端包字节信息: 8, 0, 21, 0, 127, 6, 0, 0, 
[2020/1/15 23:50:00]: <---收到字节长度: 12
[2020/1/15 23:50:01]: --->发送服务端包Index: 21
[2020/1/15 23:50:01]: --->发送服务端包信息: ServerPackets.ObjectRemove
[2020/1/15 23:50:01]: --->发送服务端包字节信息: 8, 0, 21, 0, 29, 6, 0, 0, 
[2020/1/15 23:50:03]: --->发送服务端包Index: 21
[2020/1/15 23:50:03]: --->发送服务端包信息: ServerPackets.ObjectRemove
[2020/1/15 23:50:03]: --->发送服务端包字节信息: 8, 0, 21, 0, 43, 6, 0, 0, 
[2020/1/15 23:50:05]: <---收到字节长度: 12
[2020/1/15 23:50:08]: <---收到字节长度: 5
[2020/1/15 23:50:08]: --->发送服务端包Index: 59
[2020/1/15 23:50:08]: --->发送服务端包信息: ServerPackets.ObjectMonster
[2020/1/15 23:50:08]: --->发送服务端包字节信息: 47, 0, 59, 0, 122, 6, 0, 0, 4, 68, 101, 101, 114, 255, 255, 255, 255, 35, 1, 0, 0, 115, 2, 0, 0, 4, 0, 2, 0, 2, 0, 0, 0, 0, 0, 0, 0, 0, 0, 0, 0, 0, 0, 0, 0, 0, 0, 
[2020/1/15 23:50:08]: --->发送服务端包Index: 59
[2020/1/15 23:50:08]: --->发送服务端包信息: ServerPackets.ObjectMonster
[2020/1/15 23:50:08]: --->发送服务端包字节信息: 47, 0, 59, 0, 55, 6, 0, 0, 4, 68, 101, 101, 114, 255, 255, 255, 255, 46, 1, 0, 0, 102, 2, 0, 0, 4, 0, 3, 0, 2, 0, 0, 0, 0, 0, 0, 0, 0, 0, 0, 0, 0, 0, 0, 0, 0, 0, 
[2020/1/15 23:50:08]: --->发送服务端包Index: 19
[2020/1/15 23:50:08]: --->发送服务端包信息: ServerPackets.UserLocation
[2020/1/15 23:50:08]: --->发送服务端包字节信息: 13, 0, 19, 0, 30, 1, 0, 0, 99, 2, 0, 0, 3, 
[2020/1/15 23:50:09]: <---收到字节长度: 5
[2020/1/15 23:50:09]: --->发送服务端包Index: 21
[2020/1/15 23:50:09]: --->发送服务端包信息: ServerPackets.ObjectRemove
[2020/1/15 23:50:09]: --->发送服务端包字节信息: 8, 0, 21, 0, 44, 6, 0, 0, 
[2020/1/15 23:50:09]: --->发送服务端包Index: 21
[2020/1/15 23:50:09]: --->发送服务端包信息: ServerPackets.ObjectRemove
[2020/1/15 23:50:09]: --->发送服务端包字节信息: 8, 0, 21, 0, 69, 6, 0, 0, 
[2020/1/15 23:50:09]: --->发送服务端包Index: 21
[2020/1/15 23:50:09]: --->发送服务端包信息: ServerPackets.ObjectRemove
[2020/1/15 23:50:09]: --->发送服务端包字节信息: 8, 0, 21, 0, 123, 6, 0, 0, 
[2020/1/15 23:50:09]: --->发送服务端包Index: 21
[2020/1/15 23:50:09]: --->发送服务端包信息: ServerPackets.ObjectRemove
[2020/1/15 23:50:09]: --->发送服务端包字节信息: 8, 0, 21, 0, 59, 6, 0, 0, 
[2020/1/15 23:50:09]: --->发送服务端包Index: 59
[2020/1/15 23:50:09]: --->发送服务端包信息: ServerPackets.ObjectMonster
[2020/1/15 23:50:09]: --->发送服务端包字节信息: 47, 0, 59, 0, 127, 6, 0, 0, 4, 68, 101, 101, 114, 255, 255, 255, 255, 47, 1, 0, 0, 96, 2, 0, 0, 4, 0, 3, 0, 2, 0, 0, 0, 0, 0, 0, 0, 0, 0, 0, 0, 0, 0, 0, 0, 0, 0, 
[2020/1/15 23:50:09]: --->发送服务端包Index: 19
[2020/1/15 23:50:09]: --->发送服务端包信息: ServerPackets.UserLocation
[2020/1/15 23:50:09]: --->发送服务端包字节信息: 13, 0, 19, 0, 32, 1, 0, 0, 101, 2, 0, 0, 3, 
[2020/1/15 23:50:14]: <---收到字节长度: 12
[2020/1/15 23:50:19]: <---收到字节长度: 12
[2020/1/15 23:50:24]: <---收到字节长度: 12
[2020/1/15 23:50:24]: --->发送服务端包Index: 60
[2020/1/15 23:50:24]: --->发送服务端包信息: ServerPackets.ObjectAttack
[2020/1/15 23:50:24]: --->发送服务端包字节信息: 20, 0, 60, 0, 164, 8, 0, 0, 32, 1, 0, 0, 81, 2, 0, 0, 5, 0, 0, 0, 
[2020/1/15 23:50:26]: --->发送服务端包Index: 59
[2020/1/15 23:50:26]: --->发送服务端包信息: ServerPackets.ObjectMonster
[2020/1/15 23:50:26]: --->发送服务端包字节信息: 47, 0, 59, 0, 123, 6, 0, 0, 4, 68, 101, 101, 114, 255, 255, 255, 255, 38, 1, 0, 0, 85, 2, 0, 0, 4, 0, 5, 0, 2, 0, 0, 0, 0, 0, 0, 0, 0, 0, 0, 0, 0, 0, 0, 0, 0, 0, 
[2020/1/15 23:50:27]: --->发送服务端包Index: 60
[2020/1/15 23:50:27]: --->发送服务端包信息: ServerPackets.ObjectAttack
[2020/1/15 23:50:27]: --->发送服务端包字节信息: 20, 0, 60, 0, 164, 8, 0, 0, 32, 1, 0, 0, 82, 2, 0, 0, 5, 0, 0, 0, 
[2020/1/15 23:50:29]: <---收到字节长度: 12
[2020/1/15 23:50:34]: <---收到字节长度: 12
[2020/1/15 23:50:39]: <---收到字节长度: 12
[2020/1/15 23:50:39]: <---收到字节长度: 5
[2020/1/15 23:50:39]: --->发送服务端包Index: 21
[2020/1/15 23:50:39]: --->发送服务端包信息: ServerPackets.ObjectRemove
[2020/1/15 23:50:39]: --->发送服务端包字节信息: 8, 0, 21, 0, 65, 7, 0, 0, 
[2020/1/15 23:50:39]: --->发送服务端包Index: 21
[2020/1/15 23:50:39]: --->发送服务端包信息: ServerPackets.ObjectRemove
[2020/1/15 23:50:39]: --->发送服务端包字节信息: 8, 0, 21, 0, 61, 6, 0, 0, 
[2020/1/15 23:50:39]: --->发送服务端包Index: 77
[2020/1/15 23:50:39]: --->发送服务端包信息: ServerPackets.ObjectNPC
[2020/1/15 23:50:39]: --->发送服务端包字节信息: 48, 0, 77, 0, 7, 0, 0, 0, 16, 77, 101, 114, 99, 104, 97, 110, 116, 95, 87, 104, 105, 116, 110, 101, 121, 0, 255, 0, 255, 7, 0, 0, 0, 0, 0, 49, 1, 0, 0, 95, 2, 0, 0, 1, 0, 0, 0, 0, 
[2020/1/15 23:50:39]: --->发送服务端包Index: 19
[2020/1/15 23:50:39]: --->发送服务端包信息: ServerPackets.UserLocation
[2020/1/15 23:50:39]: --->发送服务端包字节信息: 13, 0, 19, 0, 33, 1, 0, 0, 102, 2, 0, 0, 3, 
[2020/1/15 23:50:40]: <---收到字节长度: 5
[2020/1/15 23:50:40]: --->发送服务端包Index: 19
[2020/1/15 23:50:40]: --->发送服务端包信息: ServerPackets.UserLocation
[2020/1/15 23:50:40]: --->发送服务端包字节信息: 13, 0, 19, 0, 35, 1, 0, 0, 102, 2, 0, 0, 2, 
[2020/1/15 23:50:41]: <---收到字节长度: 5
[2020/1/15 23:50:41]: --->发送服务端包Index: 19
[2020/1/15 23:50:41]: --->发送服务端包信息: ServerPackets.UserLocation
[2020/1/15 23:50:41]: --->发送服务端包字节信息: 13, 0, 19, 0, 34, 1, 0, 0, 103, 2, 0, 0, 5, 
[2020/1/15 23:50:42]: <---收到字节长度: 5
[2020/1/15 23:50:42]: --->发送服务端包Index: 19
[2020/1/15 23:50:42]: --->发送服务端包信息: ServerPackets.UserLocation
[2020/1/15 23:50:42]: --->发送服务端包字节信息: 13, 0, 19, 0, 34, 1, 0, 0, 103, 2, 0, 0, 3, 
[2020/1/15 23:50:43]: <---收到字节长度: 5
[2020/1/15 23:50:43]: --->发送服务端包Index: 21
[2020/1/15 23:50:43]: --->发送服务端包信息: ServerPackets.ObjectRemove
[2020/1/15 23:50:43]: --->发送服务端包字节信息: 8, 0, 21, 0, 123, 6, 0, 0, 
[2020/1/15 23:50:43]: --->发送服务端包Index: 19
[2020/1/15 23:50:43]: --->发送服务端包信息: ServerPackets.UserLocation
[2020/1/15 23:50:43]: --->发送服务端包字节信息: 13, 0, 19, 0, 35, 1, 0, 0, 104, 2, 0, 0, 3, 
[2020/1/15 23:50:43]: <---收到字节长度: 5
[2020/1/15 23:50:44]: --->发送服务端包Index: 21
[2020/1/15 23:50:44]: --->发送服务端包信息: ServerPackets.ObjectRemove
[2020/1/15 23:50:44]: --->发送服务端包字节信息: 8, 0, 21, 0, 164, 8, 0, 0, 
[2020/1/15 23:50:44]: --->发送服务端包Index: 21
[2020/1/15 23:50:44]: --->发送服务端包信息: ServerPackets.ObjectRemove
[2020/1/15 23:50:44]: --->发送服务端包字节信息: 8, 0, 21, 0, 163, 8, 0, 0, 
[2020/1/15 23:50:44]: --->发送服务端包Index: 59
[2020/1/15 23:50:44]: --->发送服务端包信息: ServerPackets.ObjectMonster
[2020/1/15 23:50:44]: --->发送服务端包字节信息: 47, 0, 59, 0, 139, 6, 0, 0, 4, 68, 101, 101, 114, 255, 255, 255, 255, 51, 1, 0, 0, 121, 2, 0, 0, 4, 0, 5, 0, 2, 0, 0, 0, 0, 0, 0, 0, 0, 0, 0, 0, 0, 0, 0, 0, 0, 0, 
[2020/1/15 23:50:44]: --->发送服务端包Index: 19
[2020/1/15 23:50:44]: --->发送服务端包信息: ServerPackets.UserLocation
[2020/1/15 23:50:44]: --->发送服务端包字节信息: 13, 0, 19, 0, 37, 1, 0, 0, 106, 2, 0, 0, 3, 
[2020/1/15 23:50:47]: <---收到字节长度: 5
[2020/1/15 23:50:47]: --->发送服务端包Index: 59
[2020/1/15 23:50:47]: --->发送服务端包信息: ServerPackets.ObjectMonster
[2020/1/15 23:50:47]: --->发送服务端包字节信息: 48, 0, 59, 0, 163, 8, 0, 0, 5, 71, 117, 97, 114, 100, 255, 255, 255, 255, 20, 1, 0, 0, 92, 2, 0, 0, 0, 0, 7, 0, 6, 20, 0, 0, 0, 0, 0, 0, 0, 0, 0, 0, 0, 0, 0, 0, 0, 0, 
[2020/1/15 23:50:47]: --->发送服务端包Index: 19
[2020/1/15 23:50:47]: --->发送服务端包信息: ServerPackets.UserLocation
[2020/1/15 23:50:47]: --->发送服务端包字节信息: 13, 0, 19, 0, 36, 1, 0, 0, 105, 2, 0, 0, 7, 
[2020/1/15 23:50:47]: <---收到字节长度: 5
[2020/1/15 23:50:47]: --->发送服务端包Index: 21
[2020/1/15 23:50:47]: --->发送服务端包信息: ServerPackets.ObjectRemove
[2020/1/15 23:50:47]: --->发送服务端包字节信息: 8, 0, 21, 0, 139, 6, 0, 0, 
[2020/1/15 23:50:47]: --->发送服务端包Index: 59
[2020/1/15 23:50:47]: --->发送服务端包信息: ServerPackets.ObjectMonster
[2020/1/15 23:50:47]: --->发送服务端包字节信息: 47, 0, 59, 0, 123, 6, 0, 0, 4, 68, 101, 101, 114, 255, 255, 255, 255, 36, 1, 0, 0, 87, 2, 0, 0, 4, 0, 5, 0, 2, 0, 0, 0, 0, 0, 0, 0, 0, 0, 0, 0, 0, 0, 0, 0, 0, 0, 
[2020/1/15 23:50:47]: --->发送服务端包Index: 59
[2020/1/15 23:50:47]: --->发送服务端包信息: ServerPackets.ObjectMonster
[2020/1/15 23:50:47]: --->发送服务端包字节信息: 48, 0, 59, 0, 164, 8, 0, 0, 5, 71, 117, 97, 114, 100, 255, 255, 255, 255, 24, 1, 0, 0, 88, 2, 0, 0, 0, 0, 7, 0, 6, 20, 0, 0, 0, 0, 0, 0, 0, 0, 0, 0, 0, 0, 0, 0, 0, 0, 
[2020/1/15 23:50:47]: --->发送服务端包Index: 19
[2020/1/15 23:50:47]: --->发送服务端包信息: ServerPackets.UserLocation
[2020/1/15 23:50:47]: --->发送服务端包字节信息: 13, 0, 19, 0, 34, 1, 0, 0, 103, 2, 0, 0, 7, 
[2020/1/15 23:50:48]: <---收到字节长度: 5
[2020/1/15 23:50:48]: --->发送服务端包Index: 21
[2020/1/15 23:50:48]: --->发送服务端包信息: ServerPackets.ObjectRemove
[2020/1/15 23:50:48]: --->发送服务端包字节信息: 8, 0, 21, 0, 7, 0, 0, 0, 
[2020/1/15 23:50:48]: --->发送服务端包Index: 59
[2020/1/15 23:50:48]: --->发送服务端包信息: ServerPackets.ObjectMonster
[2020/1/15 23:50:48]: --->发送服务端包字节信息: 55, 0, 59, 0, 65, 7, 0, 0, 12, 67, 104, 101, 115, 116, 110, 117, 116, 84, 114, 101, 101, 255, 255, 255, 255, 40, 1, 0, 0, 85, 2, 0, 0, 13, 0, 0, 0, 3, 0, 0, 0, 0, 0, 0, 0, 0, 0, 0, 0, 0, 0, 0, 0, 0, 0, 
[2020/1/15 23:50:48]: --->发送服务端包Index: 59
[2020/1/15 23:50:48]: --->发送服务端包信息: ServerPackets.ObjectMonster
[2020/1/15 23:50:48]: --->发送服务端包字节信息: 47, 0, 59, 0, 61, 6, 0, 0, 4, 68, 101, 101, 114, 255, 255, 255, 255, 16, 1, 0, 0, 112, 2, 0, 0, 4, 0, 5, 0, 2, 0, 0, 0, 0, 0, 0, 0, 0, 0, 0, 0, 0, 0, 0, 0, 0, 0, 
[2020/1/15 23:50:48]: --->发送服务端包Index: 19
[2020/1/15 23:50:48]: --->发送服务端包信息: ServerPackets.UserLocation
[2020/1/15 23:50:48]: --->发送服务端包字节信息: 13, 0, 19, 0, 32, 1, 0, 0, 101, 2, 0, 0, 7, 
[2020/1/15 23:50:53]: <---收到字节长度: 12
[2020/1/15 23:50:54]: <---收到字节长度: 12
[2020/1/15 23:50:57]: --->发送服务端包Index: 21
[2020/1/15 23:50:57]: --->发送服务端包信息: ServerPackets.ObjectRemove
[2020/1/15 23:50:57]: --->发送服务端包字节信息: 8, 0, 21, 0, 61, 6, 0, 0, 
[2020/1/15 23:50:59]: <---收到字节长度: 12
[2020/1/15 23:51:00]: --->发送服务端包Index: 59
[2020/1/15 23:51:00]: --->发送服务端包信息: ServerPackets.ObjectMonster
[2020/1/15 23:51:00]: --->发送服务端包字节信息: 47, 0, 59, 0, 59, 6, 0, 0, 4, 68, 101, 101, 114, 255, 255, 255, 255, 44, 1, 0, 0, 85, 2, 0, 0, 4, 0, 5, 0, 2, 0, 0, 0, 0, 0, 0, 0, 0, 0, 0, 0, 0, 0, 0, 0, 0, 0, 
[2020/1/15 23:51:04]: <---收到字节长度: 12
[2020/1/15 23:51:04]: test1 Has logged out. Reason: User gone missing / disconnected